4	365	2
10	567	2
92	1086	2
128	88	2
150	88	2
192	88	2
265	88	2
274	88	2
282	88	2
289	88	2
304	88	2
314	88	2
383	144	3
383	310	2
383	885	3
383	1086	3
394	88	2
430	144	2
436	88	2
456	861	2
487	1073	2
506	88	2
527	708	2
538	155	3
538	310	2
538	429	2
538	549	2
538	708	4
538	709	2
538	861	2
538	900	2
538	1086	2
542	861	2
542	1086	2
553	47	2
553	549	2
553	696	2
575	88	2
622	88	2
669	88	2
769	88	2
769	1086	2
791	828	2
793	908	2
805	745	2
812	1069	8
819	603	2
820	603	3
822	88	2
824	55	20
824	526	2
826	549	2
829	310	4
829	549	2
829	709	2
829	758	4
829	906	5
829	1012	2
834	144	7
834	249	2
834	268	2
834	883	2
839	55	6
839	144	4
839	249	2
839	745	2
839	885	3
841	567	2
841	865	2
849	310	3
849	1151	2
902	1086	3
903	839	2
905	310	2
905	549	4
905	883	2
905	1086	2
908	88	2
911	426	2
911	822	2
911	1073	2
911	1086	2
915	607	2
915	977	7
917	155	2
917	249	2
917	305	4
917	310	8
917	549	8
917	822	2
917	873	2
917	883	2
917	888	2
917	1000	2
917	1086	9
919	144	8
919	155	3
919	305	2
919	310	3
919	497	2
919	549	3
919	709	2
919	808	2
919	861	2
919	873	2
919	888	4
919	1073	3
919	1086	4
927	249	3
947	15	3
947	18	2
947	55	2
947	90	12
947	111	3
947	144	12
947	155	10
947	232	5
947	249	5
947	310	3
947	327	21
947	357	4
947	412	4
947	494	5
947	549	5
947	622	8
947	664	2
947	709	6
947	745	6
947	755	2
947	758	8
947	811	3
947	822	5
947	844	2
947	845	2
947	861	5
947	883	2
947	885	2
947	897	5
947	921	3
947	943	2
947	965	2
947	976	6
947	977	7
947	1086	4
947	1088	5
947	1147	9
947	1151	2
967	885	2
973	830	2
977	221	2
988	310	2
1000	144	2
1000	310	9
1000	745	8
1000	1086	3
1010	976	2
1041	155	2
1041	310	3
1041	471	2
1041	549	4
1041	708	3
1041	1000	3
1041	1086	10
1050	549	3
1050	883	2
1050	977	2
1050	1086	3
1051	1029	8
1055	438	4
1056	549	2
1067	375	2
1067	495	2
1067	549	2
1067	567	2
1075	1029	3
1076	98	4
1076	120	4
1076	743	3
1076	1029	10
1078	290	3
1079	290	5
1079	723	2
1081	88	2
1086	851	2
1099	977	2
1100	549	2
1101	144	3
1117	883	2
1319	1073	2
1384	883	2
1413	709	2
1418	709	2
1419	1086	4
1432	462	9
1433	462	2
1434	462	4
1437	883	2
1439	122	2
1439	861	2
1440	745	2
1449	977	2
1458	1086	2
1461	873	2
1462	497	2
1462	549	2
1466	1086	2
1467	1086	3
1469	310	2
1469	1086	4
1470	144	13
1470	155	5
1470	249	5
1470	310	10
1470	549	6
1470	664	2
1470	708	2
1470	723	3
1470	758	5
1470	861	6
1470	876	2
1470	885	3
1470	897	2
1470	977	9
1470	1086	8
1470	1151	2
1480	1086	2
1484	1086	2
1492	310	2
1492	1086	7
1519	861	2
1541	140	2
1541	365	2
1549	88	2
1549	981	2
1574	2	2
1574	41	2
1574	90	2
1574	115	6
1574	122	3
1574	144	26
1574	155	11
1574	249	2
1574	266	2
1574	271	2
1574	291	2
1574	305	9
1574	306	2
1574	310	10
1574	327	3
1574	408	4
1574	423	4
1574	495	6
1574	549	13
1574	576	2
1574	694	7
1574	708	2
1574	709	10
1574	745	6
1574	755	3
1574	758	5
1574	763	3
1574	791	2
1574	829	5
1574	861	2
1574	873	2
1574	883	4
1574	885	7
1574	977	3
1574	1049	2
1574	1073	3
1574	1086	25
1574	1118	3
1574	1151	25
1574	1015	2
1575	144	2
1579	238	2
1579	839	2
1579	861	2
1579	1086	3
1581	409	2
1582	567	2
1583	88	2
1583	567	3
1584	567	2
1585	873	2
1587	88	2
1592	4	3
1594	549	3
1598	643	3
1598	861	2
1598	1111	3
1599	144	2
1599	643	2
1904	122	2
1904	428	2
1904	549	2
1904	861	2
1905	18	4
1905	113	2
1905	127	2
1905	144	55
1905	155	19
1905	249	23
1905	305	4
1905	310	16
1905	408	6
1905	409	3
1905	423	2
1905	426	4
1905	475	4
1905	480	2
1905	481	2
1905	495	7
1905	520	4
1905	549	17
1905	654	6
1905	694	4
1905	695	3
1905	708	5
1905	709	11
1905	714	3
1905	745	5
1905	822	2
1905	861	8
1905	873	5
1905	883	5
1905	885	17
1905	888	2
1905	897	6
1905	900	2
1905	906	3
1905	908	5
1905	977	11
1905	1000	8
1905	1018	2
1905	1073	10
1905	1086	28
1905	1118	2
1905	1151	4
1906	22	3
1906	495	3
1906	745	2
1907	144	2
1907	310	5
1907	426	2
1907	549	9
1907	709	3
1907	883	2
1907	897	5
1907	977	2
1907	1058	2
1907	1086	6
1909	144	2
1909	310	3
1909	472	2
1912	144	2
1912	310	2
1912	497	2
1912	861	4
1912	883	2
1912	1086	2
1913	549	2
1922	567	2
1924	155	4
1924	310	4
1924	549	28
1924	694	6
1924	883	4
1924	897	2
1924	1086	5
1934	88	2
1934	549	2
1934	829	2
1955	897	2
1957	897	2
1958	897	2
1963	897	2
1964	897	2
1969	897	2
1971	897	2
1973	897	2
1984	897	2
1985	897	2
1986	897	2
1988	897	2
1991	897	2
1993	897	2
1994	897	2
1999	897	2
2001	897	2
2003	897	2
2006	897	2
2007	897	2
2011	897	2
2013	897	2
2017	897	2
2020	897	2
2022	897	2
2023	897	2
2028	897	2
2030	897	2
2031	897	2
2034	897	2
2035	897	2
2036	897	2
2039	897	2
2045	897	2
2058	897	2
2063	897	2
2067	897	2
2068	897	2
2070	897	2
2072	897	2
2081	955	5
2101	115	11
2101	144	2
2101	310	5
2101	549	3
2120	549	3
2120	758	5
2130	1086	2
2132	822	2
2145	549	2
2148	144	6
2148	310	2
2148	426	2
2148	708	2
2148	758	2
2148	861	3
2148	897	5
2148	1086	2
2164	861	2
2164	1086	3
2172	822	5
2172	861	4
2172	1118	2
2188	426	2
2188	861	2
2191	144	3
2195	708	2
2205	1185	2
2209	144	2
2229	873	2
2230	409	2
2231	758	2
2231	861	6
2231	1086	3
2239	381	3
2241	861	2
2242	822	2
2270	1086	2
2282	88	2
2292	497	2
2295	310	2
2295	715	2
2302	745	2
2302	1073	2
2303	709	2
2310	549	2
2317	908	2
2326	822	2
2337	549	2
2367	55	2
2400	861	2
2460	977	2
2467	1086	2
2468	144	2
2505	822	2
2514	549	2
2572	1127	2
2579	822	2
2589	857	2
2603	1151	2
2604	310	2
2608	310	2
2608	549	3
2608	1086	4
2609	310	2
2618	694	2
2620	549	2
2624	310	2
2627	426	2
2630	310	2
2639	310	2
2672	310	2
2694	144	3
2694	310	2
2728	708	2
2729	497	2
2729	861	2
2745	113	2
2745	127	3
2745	144	32
2745	155	14
2745	249	15
2745	264	2
2745	305	4
2745	310	13
2745	357	3
2745	365	5
2745	423	3
2745	426	5
2745	471	6
2745	481	2
2745	495	4
2745	497	2
2745	549	28
2745	643	3
2745	654	2
2745	694	3
2745	708	5
2745	709	17
2745	745	6
2745	758	8
2745	791	7
2745	822	4
2745	839	5
2745	861	17
2745	873	2
2745	883	16
2745	885	10
2745	897	9
2745	900	3
2745	908	7
2745	975	3
2745	976	2
2745	977	11
2745	1000	4
2745	1001	3
2745	1008	4
2745	1012	2
2745	1073	4
2745	1086	15
2745	1118	3
2745	1127	2
2745	1129	2
2745	1151	10
2745	1153	3
2745	1157	2
2746	1086	2
2754	1086	2
2769	144	7
2769	155	4
2769	249	7
2769	310	4
2769	357	2
2769	426	2
2769	469	4
2769	476	2
2769	495	5
2769	497	3
2769	549	12
2769	567	2
2769	708	2
2769	709	7
2769	745	4
2769	763	2
2769	839	2
2769	861	3
2769	873	2
2769	876	2
2769	883	3
2769	885	4
2769	888	2
2769	897	2
2769	935	7
2769	936	2
2769	977	4
2769	1012	2
2769	1086	7
2769	1129	2
2769	1151	6
2774	549	3
2774	758	5
2780	526	2
2781	811	5
2781	834	2
2781	861	2
2781	1029	2
2781	1086	2
2787	839	2
2789	745	2
2798	861	2
2799	883	2
2803	1086	2
2809	694	2
2810	88	2
2829	885	2
2848	775	2
2874	775	2
2896	155	2
2901	861	2
2909	839	2
2925	906	3
2926	839	2
2928	155	2
2942	839	2
2944	88	2
2944	144	6
2944	264	2
2944	310	4
2944	497	2
2944	549	6
2944	567	3
2944	745	3
2944	822	2
2944	861	8
2944	873	2
2944	883	2
2944	885	3
2944	908	4
2944	977	2
2944	1086	4
2945	57	2
2951	758	2
2951	861	2
3005	293	2
3005	365	3
3011	495	2
3011	763	2
3017	155	2
3017	310	2
3017	549	3
3017	715	2
3124	380	2
3124	526	2
3218	497	2
3250	637	2
3253	310	2
3253	549	2
3253	861	3
3253	1086	2
3263	976	8
3263	977	31
3270	155	2
3270	310	3
3270	549	3
3270	976	3
3270	977	14
3270	1086	3
3270	1151	2
3271	977	2
3274	977	3
3281	976	7
3281	977	18
3283	976	2
3300	426	2
3307	310	2
3340	709	2
3345	982	4
3347	310	2
3347	976	4
3347	977	7
3356	497	2
3357	982	2
3360	906	2
3361	497	2
3361	906	7
3361	1118	2
3362	144	3
3362	155	3
3362	549	2
3362	1086	3
3363	695	3
3370	144	5
3370	155	6
3370	249	6
3370	295	3
3370	310	7
3370	365	3
3370	426	2
3370	497	3
3370	549	6
3370	715	2
3370	723	2
3370	861	5
3370	883	2
3370	885	3
3370	897	6
3370	977	6
3370	1000	2
3370	1086	11
3370	1147	2
3381	88	2
3389	88	2
3396	1015	2
3406	4	6
3406	221	2
3422	4	2
3422	659	4
3452	822	2
3476	654	2
3512	310	3
3562	426	2
3585	1002	2
3613	900	2
3614	310	2
3615	708	2
3633	758	3
3636	310	2
3637	861	2
3638	1068	4
3645	549	2
3646	977	8
3669	88	2
3675	310	2
3697	88	2
3704	144	2
3706	88	2
3706	549	2
3706	715	2
3706	861	4
3706	908	2
3706	977	2
3709	861	2
3709	883	2
3710	63	2
3710	955	2
3712	144	2
3712	310	4
3712	839	2
3712	1151	2
3715	549	2
3717	310	2
3718	88	2
3719	1086	2
3720	365	2
3720	549	2
3729	144	5
3729	709	2
3729	715	3
3729	1073	3
3741	155	2
3741	310	4
3741	549	3
3741	745	2
3741	758	5
3741	861	2
3741	885	2
3741	958	2
3741	977	2
3741	1073	5
3741	1086	3
3741	1151	2
3744	144	12
3744	885	3
3744	977	3
3744	1153	2
3744	758	2
3765	1086	3
3779	888	2
3780	888	2
3782	549	2
3782	709	2
3787	1086	2
3833	1073	2
3833	1086	4
3836	365	2
3844	549	2
3853	290	2
3853	310	2
3853	549	2
3853	709	2
3855	139	3
3855	495	2
3855	549	2
3863	155	6
3863	310	2
3864	861	2
3864	977	3
3866	88	2
3878	861	2
3880	113	2
3880	127	2
3880	144	3
3880	155	3
3880	249	2
3880	310	4
3880	408	3
3880	472	2
3880	549	3
3880	567	2
3880	745	4
3880	861	4
3880	873	2
3880	883	6
3880	897	2
3880	1073	2
3880	1086	4
3880	1151	11
3882	310	5
3882	883	2
3882	1086	3
3893	63	2
3895	63	2
3911	664	2
3957	549	2
3969	857	2
3974	310	2
4194	861	2
4704	88	2
5248	88	2
5268	861	2
5272	88	2
5277	1007	3
5299	745	2
5300	88	2
5301	629	2
5333	88	2
5344	144	11
5344	155	4
5344	249	4
5344	306	2
5344	310	5
5344	423	2
5344	497	4
5344	549	10
5344	694	3
5344	709	3
5344	758	3
5344	861	3
5344	873	5
5344	883	2
5344	885	7
5344	897	4
5344	977	9
5344	1000	4
5344	1073	3
5344	1086	18
5344	1129	2
5344	1151	26
5346	310	2
5365	272	4
5379	155	2
5380	18	3
5380	829	3
5381	144	8
5381	155	5
5381	310	4
5381	549	5
5381	650	2
5381	745	2
5381	861	9
5381	883	3
5381	885	4
5381	897	3
5381	977	3
5381	1086	2
5399	310	2
5665	249	2
5685	310	2
5754	861	2
5933	249	2
6025	775	2
6041	144	2
6051	88	2
6056	310	3
6056	549	2
6059	122	2
6059	144	3
6059	155	2
6059	310	3
6059	497	2
6059	549	2
6059	888	2
6059	1018	2
6059	1086	4
6083	549	3
1	365	1
2	955	1
3	365	1
4	836	1
5	836	1
6	55	1
7	1091	1
8	1002	1
9	412	1
10	840	1
11	88	1
11	155	1
11	249	1
11	495	1
11	839	1
12	1002	1
13	1091	1
14	365	1
15	1091	1
16	771	1
17	591	1
18	1091	1
19	567	1
20	894	1
21	582	1
22	894	1
23	1091	1
24	1002	1
25	1002	1
26	1002	1
27	836	1
28	293	1
28	923	1
29	1002	1
30	1091	1
31	629	1
32	365	1
33	310	1
34	55	1
35	526	1
36	811	1
37	365	1
38	1002	1
39	144	1
39	310	1
39	883	1
40	1002	1
41	801	1
42	801	1
43	801	1
44	801	1
45	801	1
46	801	1
47	801	1
48	801	1
49	801	1
50	801	1
51	801	1
52	801	1
53	801	1
54	801	1
55	801	1
56	801	1
57	801	1
58	801	1
59	801	1
60	801	1
61	801	1
62	801	1
63	801	1
64	801	1
65	801	1
66	801	1
67	801	1
68	801	1
69	801	1
70	801	1
71	801	1
72	801	1
73	801	1
74	801	1
75	801	1
76	801	1
77	155	1
77	758	1
78	1086	1
79	836	1
80	1002	1
81	894	1
82	91	1
83	1086	1
84	1086	1
85	1086	1
86	523	1
87	523	1
88	796	1
88	1151	1
89	127	1
89	1151	1
90	758	1
91	384	1
92	1151	1
93	709	1
93	885	1
94	88	1
95	88	1
96	88	1
97	88	1
97	384	1
98	88	1
99	88	1
100	88	1
101	417	1
102	88	1
103	88	1
103	549	1
104	88	1
105	155	1
106	88	1
107	88	1
107	549	1
107	1086	1
108	88	1
109	88	1
110	883	1
111	908	1
112	88	1
113	88	1
114	1035	1
115	88	1
116	88	1
117	88	1
118	88	1
119	708	1
120	88	1
121	88	1
122	88	1
123	1093	1
124	629	1
125	758	1
126	88	1
127	88	1
128	1086	1
129	88	1
130	88	1
131	88	1
132	88	1
133	88	1
134	715	1
135	88	1
136	1026	1
137	551	1
138	88	1
139	88	1
140	88	1
141	88	1
142	88	1
143	88	1
144	1119	1
145	88	1
146	88	1
147	495	1
148	88	1
149	88	1
151	861	1
152	88	1
153	88	1
154	88	1
155	88	1
156	88	1
157	88	1
157	551	1
158	292	1
159	551	1
160	88	1
161	88	1
162	88	1
163	1001	1
164	88	1
165	88	1
166	144	1
167	88	1
168	249	1
168	549	1
169	88	1
170	88	1
171	88	1
172	88	1
172	861	1
173	88	1
174	384	1
175	88	1
176	88	1
177	977	1
178	88	1
179	88	1
180	88	1
181	88	1
182	88	1
183	88	1
184	88	1
185	88	1
186	88	1
187	88	1
188	88	1
189	88	1
190	88	1
191	384	1
193	88	1
194	88	1
195	88	1
196	88	1
197	564	1
198	88	1
199	88	1
200	88	1
201	88	1
202	88	1
203	88	1
204	88	1
205	883	1
206	88	1
207	88	1
208	429	1
209	88	1
210	708	1
211	88	1
212	88	1
213	708	1
214	88	1
215	495	1
216	88	1
217	88	1
218	88	1
219	290	1
220	409	1
221	88	1
222	88	1
223	906	1
224	88	1
225	88	1
226	88	1
227	88	1
228	88	1
229	861	1
230	88	1
231	495	1
232	88	1
233	549	1
234	88	1
235	88	1
236	88	1
237	745	1
238	88	1
239	88	1
240	1051	1
241	88	1
242	88	1
243	88	1
244	549	1
245	88	1
246	88	1
247	88	1
248	88	1
249	88	1
250	88	1
251	88	1
252	88	1
253	88	1
254	88	1
255	88	1
256	88	1
257	310	1
258	88	1
259	88	1
260	88	1
261	88	1
262	88	1
262	310	1
263	88	1
264	88	1
266	495	1
267	88	1
268	88	1
269	1013	1
270	948	1
271	88	1
272	88	1
273	549	1
273	526	1
275	88	1
276	88	1
277	88	1
278	88	1
279	249	1
280	88	1
281	88	1
283	88	1
284	88	1
285	883	1
286	88	1
287	88	1
287	839	1
288	88	1
290	88	1
291	861	1
292	88	1
293	88	1
294	88	1
295	708	1
296	551	1
297	88	1
298	88	1
299	88	1
300	88	1
301	88	1
302	88	1
303	88	1
305	88	1
306	88	1
307	88	1
308	88	1
309	88	1
310	88	1
311	88	1
311	694	1
312	88	1
313	88	1
314	948	1
315	88	1
316	88	1
317	88	1
318	88	1
319	88	1
320	88	1
321	88	1
322	8	1
323	709	1
324	88	1
325	88	1
326	384	1
327	88	1
328	88	1
329	88	1
330	88	1
331	629	1
332	88	1
333	88	1
334	1093	1
335	88	1
336	88	1
337	88	1
338	88	1
339	88	1
340	88	1
341	310	1
342	894	1
343	1086	1
344	88	1
345	551	1
346	1119	1
347	708	1
348	88	1
349	88	1
350	88	1
351	88	1
352	88	1
353	88	1
354	88	1
355	88	1
356	88	1
357	88	1
358	88	1
359	88	1
360	88	1
361	88	1
362	897	1
362	1035	1
363	88	1
364	88	1
365	88	1
366	88	1
367	88	1
368	1142	1
369	88	1
370	1119	1
371	88	1
372	88	1
373	310	1
373	335	1
373	549	1
373	1086	1
374	88	1
375	88	1
376	88	1
377	88	1
378	88	1
379	861	1
380	88	1
381	88	1
382	745	1
383	322	1
383	709	1
384	897	1
385	88	1
386	88	1
387	88	1
388	495	1
389	549	1
390	88	1
391	88	1
392	18	1
393	88	1
395	88	1
396	88	1
397	88	1
398	88	1
399	88	1
400	1093	1
401	88	1
402	88	1
403	88	1
404	551	1
405	88	1
406	88	1
407	426	1
408	88	1
409	155	1
410	708	1
411	1086	1
412	88	1
413	88	1
414	88	1
415	88	1
416	88	1
417	88	1
418	218	1
419	88	1
420	88	1
421	88	1
422	88	1
422	822	1
423	88	1
424	88	1
425	88	1
426	88	1
427	897	1
428	88	1
429	88	1
431	88	1
432	88	1
433	88	1
434	1086	1
435	885	1
437	88	1
438	88	1
439	88	1
440	88	1
441	88	1
442	88	1
443	88	1
444	88	1
445	88	1
446	88	1
447	88	1
448	88	1
449	88	1
450	88	1
451	88	1
452	88	1
453	88	1
454	88	1
455	88	1
457	551	1
458	88	1
459	88	1
460	1086	1
461	551	1
462	1086	1
463	1093	1
464	88	1
465	88	1
466	551	1
467	88	1
468	1086	1
469	88	1
470	1086	1
471	88	1
472	88	1
473	88	1
474	88	1
475	88	1
476	88	1
477	88	1
478	88	1
479	88	1
480	88	1
481	88	1
482	88	1
483	88	1
484	310	1
485	88	1
486	88	1
487	88	1
487	549	1
487	900	1
488	88	1
489	88	1
490	88	1
491	88	1
492	88	1
493	88	1
494	873	1
495	495	1
496	88	1
497	88	1
498	88	1
499	1086	1
500	88	1
501	88	1
502	88	1
503	88	1
504	88	1
504	709	1
505	549	1
506	822	1
507	88	1
508	88	1
509	259	1
510	88	1
511	88	1
512	88	1
513	88	1
514	88	1
515	88	1
516	88	1
517	88	1
518	526	1
519	88	1
520	88	1
521	88	1
521	524	1
521	549	1
522	88	1
523	88	1
524	775	1
525	821	1
526	591	1
528	861	1
529	821	1
530	745	1
530	888	1
531	295	1
531	745	1
531	861	1
532	144	1
532	1104	1
533	88	1
534	88	1
535	88	1
536	88	1
537	88	1
538	264	1
538	428	1
538	471	1
538	822	1
538	885	1
538	897	1
538	1118	1
538	1129	1
539	1086	1
540	88	1
541	839	1
542	745	1
543	821	1
544	1086	1
545	1086	1
546	1086	1
547	1086	1
548	629	1
549	1086	1
550	1002	1
551	1002	1
552	1086	1
553	88	1
553	829	1
554	839	1
555	908	1
556	714	1
557	88	1
558	88	1
559	549	1
560	1086	1
561	88	1
562	88	1
563	88	1
564	948	1
565	88	1
566	88	1
567	88	1
567	709	1
568	88	1
569	88	1
570	88	1
571	495	1
572	88	1
572	748	1
572	897	1
573	88	1
574	88	1
576	88	1
577	88	1
577	906	1
578	88	1
579	144	1
580	384	1
581	88	1
582	88	1
583	88	1
584	88	1
585	88	1
586	384	1
587	88	1
588	88	1
589	88	1
590	88	1
591	1035	1
592	88	1
593	88	1
594	88	1
595	88	1
596	88	1
597	88	1
598	384	1
599	495	1
600	88	1
600	1086	1
601	88	1
602	88	1
603	88	1
604	88	1
605	883	1
606	694	1
607	1029	1
608	88	1
609	88	1
610	88	1
611	310	1
612	88	1
613	88	1
614	88	1
615	88	1
616	88	1
617	88	1
618	88	1
619	88	1
620	88	1
621	88	1
623	88	1
624	88	1
625	88	1
626	88	1
627	88	1
628	88	1
629	88	1
630	88	1
631	88	1
632	88	1
633	88	1
634	88	1
635	88	1
636	88	1
637	88	1
638	88	1
639	703	1
640	88	1
641	88	1
642	88	1
643	88	1
644	88	1
645	144	1
645	462	1
645	834	1
645	885	1
646	1086	1
647	88	1
648	1093	1
649	745	1
650	88	1
651	88	1
652	1000	1
653	1086	1
654	88	1
655	88	1
656	88	1
657	88	1
658	88	1
659	88	1
660	88	1
661	88	1
662	1000	1
663	88	1
664	88	1
665	88	1
666	88	1
667	88	1
668	88	1
670	88	1
671	1097	1
672	88	1
673	88	1
674	88	1
675	88	1
676	88	1
677	88	1
677	549	1
678	88	1
679	90	1
680	748	1
681	1015	1
682	88	1
683	88	1
684	88	1
685	88	1
686	906	1
687	88	1
688	88	1
689	88	1
690	88	1
691	88	1
692	743	1
693	88	1
694	88	1
695	88	1
696	551	1
697	88	1
698	88	1
699	88	1
700	88	1
701	88	1
702	88	1
703	88	1
704	88	1
705	88	1
706	88	1
707	88	1
708	88	1
709	88	1
710	88	1
711	88	1
712	88	1
713	88	1
714	88	1
715	88	1
715	310	1
716	88	1
717	88	1
718	88	1
719	88	1
720	88	1
721	88	1
722	88	1
723	88	1
724	88	1
725	344	1
725	1086	1
726	88	1
727	88	1
728	894	1
729	88	1
730	1086	1
731	88	1
732	88	1
733	88	1
734	88	1
735	88	1
736	629	1
737	821	1
738	742	1
739	821	1
740	948	1
741	495	1
742	408	1
743	88	1
744	1086	1
745	305	1
745	549	1
746	897	1
747	88	1
748	88	1
749	526	1
750	88	1
751	88	1
752	523	1
753	88	1
754	88	1
755	417	1
756	88	1
757	88	1
758	88	1
759	88	1
760	88	1
761	88	1
762	1026	1
763	1086	1
764	88	1
765	551	1
766	88	1
767	88	1
768	88	1
770	792	1
771	88	1
772	88	1
773	775	1
774	629	1
775	88	1
776	88	1
777	88	1
778	88	1
779	1035	1
780	822	1
781	88	1
782	906	1
783	811	1
784	696	1
785	443	1
786	821	1
787	144	1
788	495	1
788	695	1
789	821	1
790	549	1
792	821	1
793	786	1
794	908	1
795	381	1
796	821	1
797	88	1
797	861	1
797	885	1
798	232	1
798	645	1
799	249	1
800	883	1
801	549	1
802	495	1
803	495	1
804	88	1
805	122	1
805	144	1
805	426	1
805	640	1
805	977	1
806	821	1
807	578	1
808	88	1
809	526	1
810	88	1
811	377	1
811	579	1
812	105	1
813	365	1
814	1086	1
815	748	1
816	549	1
817	549	1
818	88	1
820	345	1
820	893	1
821	894	1
823	55	1
824	305	1
824	601	1
824	885	1
825	1026	1
826	251	1
827	15	1
827	721	1
828	721	1
829	418	1
829	429	1
829	475	1
829	481	1
829	861	1
829	883	1
829	1086	1
829	1146	1
829	1151	1
830	88	1
831	821	1
832	839	1
833	1093	1
834	305	1
834	310	1
834	861	1
834	1086	1
835	88	1
836	821	1
837	821	1
838	708	1
839	44	1
839	88	1
839	155	1
839	305	1
839	423	1
839	495	1
839	709	1
839	773	1
839	861	1
839	909	1
839	1073	1
839	1127	1
839	87	1
840	249	1
841	353	1
841	384	1
841	766	1
841	1012	1
841	1029	1
841	1035	1
842	883	1
843	1086	1
844	1086	1
845	1086	1
846	340	1
847	291	1
848	821	1
849	155	1
849	249	1
849	708	1
849	861	1
849	1086	1
850	144	1
851	708	1
852	88	1
853	155	1
853	1073	1
853	1106	1
854	128	1
855	274	1
856	1151	1
857	310	1
858	821	1
859	821	1
860	88	1
861	523	1
862	745	1
863	821	1
864	497	1
864	836	1
865	549	1
865	861	1
866	821	1
867	977	1
868	88	1
869	88	1
869	274	1
870	88	1
871	141	1
872	365	1
873	88	1
874	821	1
875	526	1
876	426	1
876	476	1
876	520	1
876	1073	1
876	1151	1
877	1018	1
878	861	1
879	861	1
880	365	1
881	1091	1
882	900	1
883	88	1
884	549	1
885	894	1
886	821	1
887	88	1
888	861	1
889	1086	1
890	1086	1
891	1001	1
892	88	1
893	88	1
893	1151	1
894	88	1
894	310	1
895	839	1
896	549	1
897	694	1
898	88	1
899	811	1
900	885	1
901	88	1
901	310	1
901	549	1
902	88	1
902	111	1
902	549	1
902	758	1
902	839	1
902	1022	1
904	310	1
905	88	1
905	144	1
905	155	1
905	408	1
905	424	1
905	497	1
905	708	1
905	709	1
905	745	1
905	897	1
905	977	1
905	1000	1
905	1120	1
905	14	1
906	144	1
907	127	1
909	310	1
910	122	1
910	259	1
910	310	1
910	709	1
910	1151	1
911	423	1
911	861	1
912	708	1
913	144	1
913	1087	1
914	821	1
915	156	1
915	310	1
915	497	1
915	549	1
915	976	1
915	1073	1
915	1086	1
916	310	1
916	549	1
916	883	1
916	1086	1
916	1119	1
917	18	1
917	144	1
917	408	1
917	426	1
917	471	1
917	497	1
917	625	1
917	654	1
917	708	1
917	709	1
917	715	1
917	745	1
917	755	1
917	791	1
917	861	1
917	885	1
917	897	1
917	1012	1
917	836	1
918	310	1
919	249	1
919	264	1
919	625	1
919	714	1
919	715	1
919	883	1
919	885	1
919	935	1
919	977	1
919	1001	1
919	1151	1
920	310	1
921	310	1
922	310	1
923	88	1
923	221	1
923	1151	1
924	88	1
925	88	1
926	18	1
926	88	1
926	144	1
926	480	1
926	534	1
926	745	1
926	897	1
927	549	1
927	1151	1
928	758	1
929	155	1
929	249	1
930	1126	1
931	497	1
931	906	1
932	549	1
933	88	1
934	821	1
935	821	1
936	1142	1
937	1142	1
938	791	1
939	88	1
940	549	1
941	144	1
942	1147	1
943	144	1
944	327	1
945	715	1
946	327	1
946	885	1
947	2	1
947	19	1
947	72	1
947	82	1
947	88	1
947	235	1
947	322	1
947	423	1
947	464	1
947	471	1
947	497	1
947	578	1
947	623	1
947	654	1
947	759	1
947	784	1
947	806	1
947	833	1
947	922	1
947	980	1
947	1073	1
947	1091	1
947	1118	1
947	1139	1
948	1088	1
949	1088	1
950	745	1
951	943	1
952	327	1
953	622	1
954	155	1
955	1147	1
956	839	1
957	15	1
958	758	1
959	976	1
960	549	1
961	861	1
962	958	1
963	873	1
963	1086	1
964	1030	1
965	549	1
966	1030	1
967	144	1
967	888	1
968	861	1
969	821	1
970	88	1
970	426	1
971	232	1
971	645	1
972	221	1
974	708	1
975	593	1
976	791	1
977	1048	1
978	1129	1
979	876	1
980	876	1
981	894	1
982	894	1
983	821	1
984	821	1
985	821	1
986	821	1
987	88	1
988	88	1
989	1119	1
990	758	1
991	274	1
992	88	1
993	591	1
994	791	1
995	88	1
996	861	1
997	549	1
997	625	1
997	709	1
997	888	1
998	88	1
999	144	1
1000	127	1
1000	249	1
1000	261	1
1000	290	1
1000	471	1
1000	472	1
1000	497	1
1000	548	1
1000	549	1
1000	885	1
1000	897	1
1000	1000	1
1000	1062	1
1000	1119	1
1001	310	1
1002	372	1
1003	88	1
1004	836	1
1005	259	1
1006	472	1
1007	549	1
1008	708	1
1009	977	1
1010	977	1
1011	900	1
1012	372	1
1013	344	1
1014	251	1
1015	745	1
1016	885	1
1017	144	1
1018	1119	1
1019	1111	1
1020	251	1
1021	344	1
1022	303	1
1023	423	1
1024	1086	1
1025	549	1
1025	876	1
1026	1086	1
1027	429	1
1028	1119	1
1029	821	1
1030	88	1
1031	821	1
1032	549	1
1033	758	1
1034	1051	1
1035	791	1
1036	861	1
1037	88	1
1038	88	1
1039	365	1
1040	1000	1
1041	88	1
1041	144	1
1041	305	1
1041	426	1
1041	495	1
1041	497	1
1041	520	1
1041	745	1
1041	897	1
1041	1001	1
1041	1129	1
1041	1139	1
1042	549	1
1043	438	1
1044	1002	1
1045	365	1
1045	1002	1
1046	894	1
1047	305	1
1048	88	1
1049	839	1
1050	88	1
1050	132	1
1050	137	1
1050	144	1
1050	310	1
1050	861	1
1050	882	1
1050	1000	1
1050	1139	1
1050	1091	1
1051	120	1
1051	905	1
1052	900	1
1053	88	1
1054	1086	1
1055	381	1
1056	839	1
1057	821	1
1058	775	1
1058	1135	1
1059	885	1
1060	88	1
1060	906	1
1061	1015	1
1062	88	1
1063	897	1
1064	839	1
1065	821	1
1066	88	1
1067	88	1
1067	708	1
1067	709	1
1067	1001	1
1067	1173	1
1068	88	1
1069	821	1
1070	88	1
1071	310	1
1072	88	1
1073	88	1
1074	144	1
1076	88	1
1076	353	1
1076	782	1
1076	1028	1
1077	310	1
1078	144	1
1078	888	1
1078	1086	1
1079	88	1
1079	653	1
1079	674	1
1079	808	1
1079	897	1
1080	310	1
1082	1029	1
1083	88	1
1084	861	1
1085	310	1
1086	88	1
1086	708	1
1086	834	1
1086	1070	1
1086	1093	1
1087	834	1
1088	816	1
1089	526	1
1090	155	1
1090	755	1
1091	1086	1
1092	821	1
1093	791	1
1094	88	1
1095	88	1
1096	885	1
1096	888	1
1097	144	1
1097	310	1
1098	908	1
1099	139	1
1099	144	1
1099	475	1
1099	549	1
1099	708	1
1099	1001	1
1099	1055	1
1099	1151	1
1101	593	1
1102	821	1
1103	155	1
1104	821	1
1105	310	1
1105	885	1
1106	1000	1
1106	1086	1
1107	310	1
1108	312	1
1109	894	1
1110	55	1
1111	1086	1
1112	88	1
1113	1093	1
1114	748	1
1115	144	1
1116	1086	1
1117	549	1
1118	88	1
1118	495	1
1119	88	1
1119	495	1
1120	144	1
1120	497	1
1120	977	1
1120	1000	1
1120	1086	1
1121	310	1
1122	708	1
1123	1119	1
1124	888	1
1125	715	1
1126	821	1
1127	249	1
1128	88	1
1128	578	1
1129	821	1
1130	821	1
1131	564	1
1132	564	1
1133	551	1
1134	495	1
1135	551	1
1136	551	1
1137	551	1
1138	551	1
1139	551	1
1140	977	1
1141	495	1
1142	551	1
1143	894	1
1144	526	1
1145	894	1
1146	526	1
1147	894	1
1148	894	1
1149	526	1
1150	894	1
1151	88	1
1152	1015	1
1153	88	1
1154	88	1
1155	88	1
1156	88	1
1157	19	1
1158	19	1
1159	19	1
1160	88	1
1161	549	1
1162	88	1
1163	88	1
1164	88	1
1165	88	1
1166	88	1
1167	88	1
1168	88	1
1169	88	1
1170	88	1
1171	19	1
1172	440	1
1173	88	1
1174	88	1
1175	88	1
1176	88	1
1177	440	1
1178	19	1
1179	88	1
1180	88	1
1181	19	1
1182	88	1
1183	88	1
1184	19	1
1185	88	1
1186	88	1
1187	88	1
1188	88	1
1189	88	1
1190	88	1
1191	88	1
1192	88	1
1193	310	1
1194	88	1
1195	19	1
1196	88	1
1197	88	1
1198	1073	1
1199	88	1
1200	88	1
1201	88	1
1202	88	1
1203	88	1
1204	88	1
1205	88	1
1206	88	1
1207	1018	1
1208	88	1
1209	88	1
1210	88	1
1211	88	1
1212	88	1
1213	88	1
1214	88	1
1215	88	1
1216	88	1
1217	88	1
1218	19	1
1219	88	1
1220	549	1
1221	88	1
1222	495	1
1223	1039	1
1224	88	1
1225	88	1
1226	88	1
1227	88	1
1228	88	1
1229	476	1
1230	476	1
1231	88	1
1232	88	1
1233	88	1
1234	88	1
1235	88	1
1236	1140	1
1237	88	1
1238	310	1
1239	88	1
1240	88	1
1241	88	1
1242	88	1
1243	88	1
1244	88	1
1245	88	1
1246	88	1
1247	88	1
1248	88	1
1249	88	1
1250	88	1
1251	88	1
1252	88	1
1253	88	1
1254	88	1
1255	88	1
1256	88	1
1257	88	1
1258	88	1
1259	88	1
1260	549	1
1261	88	1
1262	88	1
1263	249	1
1264	1039	1
1265	88	1
1266	88	1
1267	440	1
1268	440	1
1269	19	1
1270	88	1
1271	88	1
1272	88	1
1273	88	1
1274	327	1
1275	88	1
1276	144	1
1277	264	1
1278	19	1
1279	440	1
1280	88	1
1281	88	1
1281	906	1
1282	709	1
1283	694	1
1284	19	1
1285	88	1
1286	88	1
1287	88	1
1288	88	1
1289	88	1
1290	440	1
1291	88	1
1292	19	1
1293	19	1
1294	249	1
1295	19	1
1296	19	1
1297	549	1
1298	1015	1
1299	549	1
1300	549	1
1301	264	1
1302	19	1
1303	708	1
1304	549	1
1305	90	1
1306	497	1
1307	861	1
1308	88	1
1308	1086	1
1309	885	1
1310	155	1
1311	144	1
1311	520	1
1311	643	1
1311	709	1
1312	821	1
1313	709	1
1314	821	1
1315	821	1
1316	752	1
1317	144	1
1317	1086	1
1318	426	1
1320	401	1
1321	821	1
1322	821	1
1323	88	1
1324	88	1
1325	88	1
1326	88	1
1327	88	1
1328	88	1
1329	88	1
1330	88	1
1331	88	1
1332	88	1
1333	88	1
1334	88	1
1335	88	1
1336	88	1
1337	88	1
1338	88	1
1339	88	1
1340	88	1
1341	88	1
1342	88	1
1343	88	1
1344	88	1
1345	88	1
1346	88	1
1347	88	1
1348	88	1
1349	88	1
1350	88	1
1351	88	1
1352	88	1
1353	88	1
1354	88	1
1355	88	1
1356	88	1
1357	88	1
1358	88	1
1359	88	1
1360	88	1
1361	88	1
1362	88	1
1363	88	1
1364	88	1
1365	88	1
1366	88	1
1367	88	1
1368	88	1
1369	88	1
1370	88	1
1371	88	1
1372	88	1
1373	88	1
1374	88	1
1375	88	1
1376	88	1
1377	88	1
1378	88	1
1379	88	1
1380	88	1
1381	88	1
1382	88	1
1383	88	1
1384	249	1
1384	433	1
1384	562	1
1385	88	1
1386	155	1
1387	88	1
1388	821	1
1389	821	1
1390	821	1
1391	549	1
1392	690	1
1393	88	1
1393	549	1
1393	977	1
1393	1118	1
1394	88	1
1395	791	1
1396	1035	1
1397	88	1
1398	88	1
1399	836	1
1400	88	1
1401	821	1
1402	88	1
1403	408	1
1404	88	1
1404	885	1
1405	88	1
1406	88	1
1407	88	1
1408	471	1
1409	520	1
1409	653	1
1409	932	1
1409	1127	1
1410	551	1
1411	821	1
1412	549	1
1413	311	1
1413	707	1
1414	836	1
1415	89	1
1415	858	1
1416	88	1
1416	310	1
1416	1018	1
1417	821	1
1418	292	1
1418	471	1
1418	708	1
1418	861	1
1418	883	1
1418	977	1
1418	1086	1
1418	526	1
1419	305	1
1419	408	1
1419	549	1
1420	861	1
1421	310	1
1421	861	1
1421	900	1
1421	1086	1
1422	839	1
1423	88	1
1423	1175	1
1424	144	1
1425	88	1
1426	310	1
1427	122	1
1427	883	1
1428	821	1
1429	873	1
1430	88	1
1431	958	1
1432	463	1
1432	841	1
1433	463	1
1434	463	1
1435	88	1
1436	775	1
1437	144	1
1438	144	1
1438	822	1
1438	873	1
1438	1073	1
1439	88	1
1439	426	1
1439	822	1
1439	987	1
1439	1148	1
1441	821	1
1442	821	1
1443	549	1
1444	497	1
1445	471	1
1446	310	1
1447	88	1
1448	977	1
1450	88	1
1451	88	1
1452	708	1
1453	384	1
1454	384	1
1455	384	1
1456	67	1
1457	1086	1
1459	88	1
1460	821	1
1462	223	1
1462	310	1
1462	1000	1
1463	839	1
1464	88	1
1465	88	1
1465	310	1
1466	861	1
1466	897	1
1467	885	1
1468	935	1
1470	88	1
1470	113	1
1470	122	1
1470	126	1
1470	127	1
1470	327	1
1470	409	1
1470	423	1
1470	426	1
1470	495	1
1470	497	1
1470	518	1
1470	577	1
1470	578	1
1470	607	1
1470	643	1
1470	695	1
1470	706	1
1470	709	1
1470	745	1
1470	748	1
1470	751	1
1470	791	1
1470	822	1
1470	839	1
1470	883	1
1470	948	1
1470	976	1
1470	1000	1
1470	1102	1
1470	1118	1
1470	1119	1
1470	1147	1
1470	633	1
1470	1097	1
1471	549	1
1471	861	1
1472	88	1
1472	495	1
1473	861	1
1474	906	1
1474	1119	1
1475	88	1
1476	249	1
1477	821	1
1478	88	1
1479	1000	1
1480	290	1
1481	88	1
1482	471	1
1483	88	1
1485	1002	1
1486	821	1
1487	88	1
1488	55	1
1489	775	1
1489	1135	1
1490	556	1
1490	821	1
1491	861	1
1492	549	1
1492	861	1
1492	897	1
1492	1151	1
1493	861	1
1494	549	1
1495	495	1
1496	549	1
1497	549	1
1498	1002	1
1499	526	1
1500	1091	1
1501	1002	1
1502	836	1
1503	1002	1
1504	629	1
1505	792	1
1506	339	1
1507	1002	1
1508	526	1
1509	526	1
1510	526	1
1511	1091	1
1512	1091	1
1513	1002	1
1514	792	1
1515	526	1
1516	526	1
1517	1091	1
1518	526	1
1520	261	1
1521	526	1
1522	1002	1
1523	1091	1
1524	1091	1
1525	1091	1
1526	1091	1
1527	836	1
1528	1091	1
1529	232	1
1529	524	1
1530	293	1
1530	923	1
1531	836	1
1532	836	1
1533	836	1
1534	836	1
1535	836	1
1536	836	1
1537	894	1
1538	836	1
1539	1091	1
1540	836	1
1542	526	1
1543	526	1
1544	526	1
1545	526	1
1546	1002	1
1547	88	1
1548	821	1
1549	861	1
1549	1136	1
1550	310	1
1551	88	1
1552	549	1
1553	88	1
1554	821	1
1555	821	1
1555	1086	1
1556	709	1
1557	821	1
1558	1093	1
1559	745	1
1560	1086	1
1561	423	1
1562	305	1
1563	821	1
1564	821	1
1565	873	1
1566	88	1
1567	155	1
1567	829	1
1567	839	1
1567	931	1
1568	155	1
1569	861	1
1570	821	1
1571	821	1
1572	1086	1
1573	1086	1
1574	26	1
1574	77	1
1574	88	1
1574	143	1
1574	216	1
1574	224	1
1574	241	1
1574	264	1
1574	318	1
1574	361	1
1574	401	1
1574	412	1
1574	471	1
1574	475	1
1574	476	1
1574	481	1
1574	486	1
1574	489	1
1574	491	1
1574	497	1
1574	511	1
1574	520	1
1574	523	1
1574	524	1
1574	536	1
1574	568	1
1574	573	1
1574	605	1
1574	619	1
1574	640	1
1574	643	1
1574	654	1
1574	752	1
1574	789	1
1574	810	1
1574	822	1
1574	835	1
1574	839	1
1574	865	1
1574	876	1
1574	888	1
1574	897	1
1574	900	1
1574	906	1
1574	908	1
1574	933	1
1574	935	1
1574	944	1
1574	949	1
1574	955	1
1574	958	1
1574	976	1
1574	1000	1
1574	1018	1
1574	1141	1
1574	1148	1
1574	454	1
1574	588	1
1574	591	1
1574	612	1
1574	775	1
1574	1135	1
1575	88	1
1576	88	1
1577	894	1
1578	556	1
1579	249	1
1579	497	1
1579	549	1
1579	885	1
1579	888	1
1579	1119	1
1579	1151	1
1580	906	1
1580	1086	1
1581	520	1
1583	55	1
1583	241	1
1583	1029	1
1584	55	1
1584	88	1
1584	551	1
1584	1029	1
1586	549	1
1587	977	1
1588	88	1
1589	88	1
1590	88	1
1591	88	1
1592	460	1
1593	88	1
1594	310	1
1594	520	1
1595	531	1
1596	144	1
1597	883	1
1598	72	1
1598	232	1
1598	311	1
1599	145	1
1599	495	1
1599	883	1
1599	1086	1
1599	1151	1
1600	883	1
1601	310	1
1602	885	1
1603	821	1
1604	894	1
1605	88	1
1606	88	1
1607	88	1
1608	88	1
1609	88	1
1610	88	1
1611	88	1
1612	88	1
1613	88	1
1614	88	1
1615	88	1
1616	88	1
1617	88	1
1618	88	1
1619	88	1
1620	88	1
1621	88	1
1622	88	1
1623	88	1
1624	88	1
1625	88	1
1626	88	1
1627	88	1
1628	88	1
1629	88	1
1630	88	1
1631	88	1
1632	88	1
1633	88	1
1634	88	1
1635	88	1
1636	88	1
1637	88	1
1638	88	1
1639	88	1
1640	88	1
1641	88	1
1642	88	1
1643	88	1
1644	88	1
1645	88	1
1646	88	1
1647	88	1
1648	88	1
1649	88	1
1650	88	1
1651	88	1
1652	88	1
1653	88	1
1654	88	1
1655	88	1
1656	88	1
1657	88	1
1658	88	1
1659	88	1
1660	88	1
1661	88	1
1662	88	1
1663	88	1
1664	88	1
1665	88	1
1666	88	1
1667	88	1
1668	88	1
1669	88	1
1670	88	1
1671	88	1
1672	88	1
1673	88	1
1674	88	1
1675	88	1
1676	88	1
1677	88	1
1678	88	1
1679	88	1
1680	88	1
1681	88	1
1682	88	1
1683	88	1
1684	88	1
1685	88	1
1686	88	1
1687	88	1
1688	88	1
1689	88	1
1690	88	1
1691	88	1
1692	88	1
1693	88	1
1694	88	1
1695	88	1
1696	88	1
1697	88	1
1698	88	1
1699	88	1
1700	88	1
1701	88	1
1702	88	1
1703	88	1
1704	88	1
1705	88	1
1706	88	1
1707	88	1
1708	88	1
1709	88	1
1710	88	1
1711	88	1
1712	88	1
1713	88	1
1714	88	1
1715	88	1
1716	88	1
1717	88	1
1718	88	1
1719	88	1
1720	88	1
1721	88	1
1722	88	1
1723	88	1
1724	88	1
1725	88	1
1726	88	1
1727	88	1
1728	88	1
1729	88	1
1730	88	1
1731	88	1
1732	88	1
1733	88	1
1734	88	1
1735	88	1
1736	88	1
1737	88	1
1738	88	1
1739	88	1
1740	88	1
1741	88	1
1742	88	1
1743	88	1
1744	88	1
1745	88	1
1746	88	1
1747	88	1
1748	88	1
1749	88	1
1750	88	1
1751	88	1
1752	88	1
1753	88	1
1754	88	1
1755	88	1
1756	88	1
1757	88	1
1758	88	1
1759	88	1
1760	88	1
1761	88	1
1762	88	1
1763	88	1
1764	88	1
1765	88	1
1766	88	1
1767	88	1
1768	88	1
1769	88	1
1770	88	1
1771	88	1
1772	88	1
1773	88	1
1774	88	1
1775	88	1
1776	88	1
1777	88	1
1778	88	1
1779	88	1
1780	88	1
1781	88	1
1782	88	1
1783	88	1
1784	88	1
1785	88	1
1786	88	1
1787	88	1
1788	88	1
1789	88	1
1790	88	1
1791	88	1
1792	88	1
1793	88	1
1794	88	1
1795	88	1
1796	88	1
1797	88	1
1798	88	1
1799	88	1
1800	88	1
1801	88	1
1802	88	1
1803	88	1
1804	88	1
1805	88	1
1806	88	1
1807	88	1
1808	88	1
1809	88	1
1810	88	1
1811	88	1
1812	88	1
1813	88	1
1814	88	1
1815	88	1
1816	88	1
1817	88	1
1818	88	1
1819	88	1
1820	88	1
1821	88	1
1822	88	1
1823	88	1
1824	88	1
1825	88	1
1826	88	1
1827	88	1
1828	88	1
1829	88	1
1830	88	1
1831	88	1
1832	88	1
1833	88	1
1834	88	1
1835	88	1
1836	88	1
1837	88	1
1838	88	1
1839	88	1
1840	88	1
1841	88	1
1842	88	1
1843	88	1
1844	88	1
1845	88	1
1846	88	1
1847	88	1
1848	88	1
1849	88	1
1850	88	1
1851	88	1
1852	88	1
1853	88	1
1854	88	1
1855	88	1
1856	88	1
1857	88	1
1858	88	1
1859	88	1
1860	88	1
1861	88	1
1862	88	1
1863	88	1
1864	88	1
1865	88	1
1866	88	1
1867	88	1
1868	88	1
1869	88	1
1870	88	1
1871	88	1
1872	88	1
1873	88	1
1874	88	1
1875	88	1
1876	88	1
1877	88	1
1878	88	1
1879	88	1
1880	88	1
1881	88	1
1882	88	1
1883	88	1
1884	88	1
1885	88	1
1886	88	1
1887	88	1
1888	88	1
1889	88	1
1890	88	1
1891	88	1
1892	88	1
1893	88	1
1894	88	1
1895	88	1
1896	88	1
1897	88	1
1898	88	1
1899	1086	1
1900	4	1
1900	696	1
1900	792	1
1900	982	1
1901	155	1
1902	144	1
1903	556	1
1904	26	1
1904	88	1
1904	305	1
1904	310	1
1904	311	1
1904	708	1
1904	822	1
1904	883	1
1904	897	1
1904	1073	1
1904	1086	1
1905	3	1
1905	86	1
1905	88	1
1905	96	1
1905	122	1
1905	248	1
1905	291	1
1905	322	1
1905	339	1
1905	372	1
1905	400	1
1905	419	1
1905	429	1
1905	469	1
1905	471	1
1905	476	1
1905	497	1
1905	524	1
1905	546	1
1905	643	1
1905	660	1
1905	664	1
1905	674	1
1905	755	1
1905	758	1
1905	791	1
1905	839	1
1905	876	1
1905	898	1
1905	935	1
1905	958	1
1905	999	1
1905	1012	1
1905	1026	1
1905	1062	1
1905	1072	1
1905	1140	1
1905	221	1
1906	18	1
1906	88	1
1906	310	1
1906	664	1
1906	758	1
1906	900	1
1907	155	1
1907	327	1
1907	497	1
1907	556	1
1907	745	1
1907	861	1
1907	900	1
1907	906	1
1907	918	1
1907	1129	1
1908	861	1
1909	22	1
1909	549	1
1909	745	1
1909	758	1
1909	1086	1
1910	88	1
1910	495	1
1910	745	1
1911	497	1
1911	885	1
1912	88	1
1912	155	1
1912	249	1
1912	253	1
1912	426	1
1912	549	1
1912	654	1
1912	745	1
1912	885	1
1912	1162	1
1913	1086	1
1914	305	1
1914	310	1
1915	90	1
1916	549	1
1917	549	1
1918	821	1
1919	249	1
1920	1035	1
1921	549	1
1923	567	1
1924	90	1
1924	122	1
1924	249	1
1924	264	1
1924	291	1
1924	372	1
1924	423	1
1924	497	1
1924	695	1
1924	745	1
1924	822	1
1924	888	1
1924	906	1
1924	977	1
1924	1139	1
1925	894	1
1926	1136	1
1927	19	1
1928	549	1
1929	549	1
1930	821	1
1931	821	1
1932	821	1
1933	88	1
1933	103	1
1933	758	1
1933	792	1
1933	1051	1
1933	1113	1
1933	1148	1
1934	115	1
1934	327	1
1934	694	1
1934	861	1
1934	976	1
1934	977	1
1934	1145	1
1935	88	1
1935	708	1
1936	821	1
1937	709	1
1938	88	1
1938	821	1
1939	144	1
1940	549	1
1941	821	1
1942	821	1
1943	821	1
1944	821	1
1945	251	1
1945	758	1
1946	88	1
1947	88	1
1947	1086	1
1948	88	1
1949	897	1
1950	897	1
1951	897	1
1952	897	1
1953	897	1
1954	897	1
1956	897	1
1959	897	1
1960	897	1
1961	897	1
1962	897	1
1965	897	1
1966	897	1
1967	897	1
1968	897	1
1970	897	1
1972	897	1
1974	897	1
1975	897	1
1976	897	1
1977	897	1
1978	897	1
1979	897	1
1980	897	1
1981	897	1
1982	897	1
1983	897	1
1987	897	1
1989	897	1
1990	897	1
1992	897	1
1995	897	1
1996	897	1
1997	897	1
1998	897	1
2000	897	1
2002	897	1
2004	897	1
2005	897	1
2008	897	1
2009	897	1
2010	897	1
2012	897	1
2014	897	1
2015	897	1
2016	897	1
2018	897	1
2019	897	1
2021	897	1
2024	897	1
2025	897	1
2026	897	1
2027	897	1
2029	897	1
2032	897	1
2033	897	1
2037	897	1
2038	897	1
2040	897	1
2041	897	1
2042	897	1
2043	897	1
2044	897	1
2046	897	1
2047	897	1
2048	897	1
2049	897	1
2050	897	1
2051	897	1
2052	897	1
2053	897	1
2054	897	1
2055	897	1
2056	897	1
2057	897	1
2059	897	1
2060	897	1
2061	897	1
2062	897	1
2064	897	1
2065	897	1
2066	897	1
2069	897	1
2071	897	1
2073	897	1
2074	897	1
2075	897	1
2076	897	1
2077	897	1
2078	897	1
2079	897	1
2080	1086	1
2082	18	1
2082	144	1
2082	861	1
2082	897	1
2083	861	1
2084	821	1
2085	821	1
2086	144	1
2086	471	1
2087	88	1
2088	144	1
2089	88	1
2090	155	1
2091	549	1
2092	88	1
2093	144	1
2094	259	1
2095	322	1
2096	836	1
2097	876	1
2098	144	1
2098	876	1
2099	861	1
2100	44	1
2100	829	1
2101	19	1
2101	88	1
2101	423	1
2101	643	1
2101	708	1
2101	709	1
2101	861	1
2101	977	1
2101	1000	1
2101	1035	1
2101	1086	1
2102	551	1
2103	408	1
2103	897	1
2104	88	1
2105	1102	1
2106	88	1
2107	88	1
2108	821	1
2109	144	1
2110	821	1
2111	88	1
2111	883	1
2112	155	1
2113	1086	1
2114	144	1
2115	1151	1
2116	1086	1
2117	88	1
2117	549	1
2118	1093	1
2119	88	1
2120	144	1
2120	861	1
2121	1093	1
2122	408	1
2123	1120	1
2124	549	1
2125	791	1
2126	88	1
2126	1000	1
2127	709	1
2128	708	1
2129	88	1
2129	310	1
2129	551	1
2131	88	1
2132	861	1
2132	1086	1
2133	883	1
2134	88	1
2135	88	1
2136	88	1
2137	88	1
2138	821	1
2139	821	1
2140	88	1
2141	67	1
2142	18	1
2143	709	1
2144	897	1
2146	310	1
2147	977	1
2148	305	1
2148	408	1
2148	471	1
2148	549	1
2148	555	1
2148	745	1
2148	822	1
2148	885	1
2148	906	1
2148	1000	1
2148	1140	1
2149	758	1
2150	144	1
2150	1086	1
2151	885	1
2152	715	1
2153	88	1
2153	708	1
2154	144	1
2155	883	1
2156	88	1
2156	495	1
2156	549	1
2157	155	1
2157	423	1
2157	549	1
2158	88	1
2159	694	1
2159	861	1
2160	861	1
2161	292	1
2162	1093	1
2163	741	1
2164	305	1
2164	475	1
2164	549	1
2164	897	1
2165	88	1
2166	1029	1
2166	1119	1
2166	1147	1
2167	1119	1
2168	88	1
2169	356	1
2170	88	1
2171	88	1
2172	1151	1
2173	709	1
2174	708	1
2175	745	1
2176	551	1
2177	274	1
2177	551	1
2178	88	1
2178	144	1
2178	498	1
2178	900	1
2179	861	1
2180	122	1
2180	384	1
2180	549	1
2180	1151	1
2181	1151	1
2182	423	1
2183	88	1
2184	549	1
2185	88	1
2186	1051	1
2187	88	1
2188	310	1
2188	822	1
2189	88	1
2189	497	1
2190	88	1
2190	839	1
2191	88	1
2191	310	1
2191	708	1
2191	885	1
2192	88	1
2192	709	1
2192	787	1
2192	829	1
2192	861	1
2192	1000	1
2193	900	1
2194	88	1
2195	144	1
2195	861	1
2196	885	1
2197	144	1
2198	571	1
2199	88	1
2200	748	1
2201	155	1
2201	310	1
2202	745	1
2203	88	1
2204	495	1
2204	1086	1
2205	602	1
2206	408	1
2207	88	1
2208	551	1
2210	357	1
2211	549	1
2212	88	1
2213	88	1
2214	88	1
2215	384	1
2216	88	1
2217	885	1
2218	144	1
2218	1086	1
2219	271	1
2220	708	1
2221	144	1
2222	88	1
2223	88	1
2223	384	1
2224	88	1
2225	305	1
2226	495	1
2227	549	1
2228	551	1
2229	1086	1
2231	897	1
2231	900	1
2231	1129	1
2232	88	1
2233	310	1
2233	900	1
2233	1086	1
2234	1026	1
2235	88	1
2235	495	1
2236	88	1
2237	708	1
2237	758	1
2238	88	1
2240	709	1
2241	310	1
2243	88	1
2244	861	1
2245	155	1
2245	274	1
2246	88	1
2247	88	1
2247	1000	1
2247	1001	1
2248	88	1
2249	88	1
2250	88	1
2251	144	1
2251	883	1
2251	1086	1
2252	344	1
2253	88	1
2253	549	1
2254	88	1
2255	88	1
2256	551	1
2257	796	1
2258	88	1
2258	1055	1
2259	88	1
2260	708	1
2260	1086	1
2261	88	1
2262	88	1
2263	1073	1
2264	1151	1
2265	310	1
2266	861	1
2267	495	1
2267	745	1
2267	976	1
2267	977	1
2267	1000	1
2268	861	1
2269	549	1
2270	475	1
2271	144	1
2272	743	1
2273	1086	1
2274	88	1
2275	88	1
2275	731	1
2276	144	1
2277	88	1
2277	549	1
2278	551	1
2279	55	1
2280	155	1
2281	885	1
2282	144	1
2282	483	1
2283	954	1
2284	88	1
2285	1140	1
2286	1086	1
2287	249	1
2287	562	1
2288	88	1
2288	495	1
2289	88	1
2290	743	1
2291	88	1
2292	144	1
2292	495	1
2292	861	1
2293	88	1
2294	88	1
2295	251	1
2295	861	1
2296	549	1
2296	977	1
2297	497	1
2297	551	1
2298	88	1
2299	88	1
2300	88	1
2301	88	1
2302	88	1
2302	497	1
2302	1086	1
2304	88	1
2305	88	1
2306	745	1
2307	551	1
2308	571	1
2309	88	1
2311	578	1
2312	429	1
2313	88	1
2313	144	1
2313	1073	1
2313	1086	1
2314	88	1
2315	88	1
2316	8	1
2318	88	1
2319	310	1
2320	495	1
2321	88	1
2322	88	1
2323	88	1
2324	310	1
2324	977	1
2324	1086	1
2324	1151	1
2325	88	1
2327	758	1
2328	88	1
2329	88	1
2330	88	1
2331	1147	1
2332	88	1
2333	906	1
2334	144	1
2335	88	1
2336	88	1
2338	88	1
2338	1073	1
2339	861	1
2340	1093	1
2341	88	1
2342	495	1
2343	495	1
2344	709	1
2345	1073	1
2345	1129	1
2346	88	1
2347	88	1
2348	310	1
2349	708	1
2350	88	1
2351	88	1
2352	88	1
2353	88	1
2353	1129	1
2354	654	1
2355	551	1
2356	822	1
2357	476	1
2358	423	1
2359	344	1
2360	305	1
2361	408	1
2362	88	1
2363	861	1
2364	88	1
2365	715	1
2366	1086	1
2368	310	1
2369	88	1
2370	88	1
2371	861	1
2372	144	1
2373	88	1
2374	88	1
2375	88	1
2376	551	1
2377	908	1
2378	551	1
2379	88	1
2380	55	1
2380	88	1
2380	885	1
2380	897	1
2380	1086	1
2381	88	1
2382	88	1
2383	894	1
2384	551	1
2385	88	1
2386	948	1
2387	88	1
2388	556	1
2389	88	1
2390	476	1
2391	708	1
2391	861	1
2392	88	1
2393	1086	1
2394	88	1
2395	88	1
2396	708	1
2397	88	1
2398	88	1
2399	88	1
2399	897	1
2401	408	1
2402	88	1
2403	88	1
2404	88	1
2405	310	1
2406	423	1
2407	144	1
2408	1000	1
2409	144	1
2410	743	1
2411	743	1
2412	88	1
2413	88	1
2414	310	1
2415	88	1
2416	88	1
2417	88	1
2418	945	1
2419	88	1
2420	88	1
2421	600	1
2422	88	1
2423	88	1
2424	88	1
2425	88	1
2426	88	1
2427	88	1
2428	1051	1
2429	88	1
2430	88	1
2431	88	1
2432	88	1
2433	709	1
2434	88	1
2435	88	1
2435	344	1
2436	310	1
2437	1086	1
2438	88	1
2439	88	1
2440	88	1
2441	88	1
2442	88	1
2443	822	1
2444	1097	1
2445	1104	1
2446	144	1
2447	381	1
2448	144	1
2449	144	1
2450	144	1
2451	144	1
2452	495	1
2453	495	1
2454	495	1
2455	495	1
2456	495	1
2457	495	1
2458	1087	1
2459	495	1
2460	497	1
2460	549	1
2460	861	1
2460	1086	1
2461	495	1
2462	155	1
2462	305	1
2463	495	1
2464	549	1
2465	897	1
2466	900	1
2468	249	1
2469	88	1
2470	857	1
2471	88	1
2472	549	1
2473	758	1
2474	88	1
2475	381	1
2476	381	1
2477	381	1
2478	381	1
2479	381	1
2480	381	1
2481	381	1
2482	381	1
2483	381	1
2484	381	1
2485	381	1
2486	381	1
2487	381	1
2488	381	1
2489	381	1
2490	381	1
2491	381	1
2492	381	1
2493	381	1
2494	381	1
2495	381	1
2496	381	1
2497	381	1
2498	381	1
2499	381	1
2500	381	1
2501	381	1
2502	381	1
2503	1001	1
2504	549	1
2505	1129	1
2506	1151	1
2507	1086	1
2508	709	1
2509	1001	1
2510	1151	1
2511	1001	1
2512	1001	1
2513	327	1
2513	958	1
2513	1147	1
2515	1086	1
2516	1001	1
2517	1001	1
2518	144	1
2519	1001	1
2520	520	1
2521	906	1
2522	327	1
2523	259	1
2524	310	1
2525	520	1
2525	653	1
2525	932	1
2525	1127	1
2526	1001	1
2527	906	1
2528	861	1
2529	1086	1
2530	1129	1
2531	381	1
2532	365	1
2533	435	1
2534	977	1
2535	15	1
2536	1091	1
2537	1091	1
2538	1091	1
2539	1091	1
2540	1091	1
2541	1091	1
2542	1091	1
2543	1091	1
2544	1091	1
2545	1091	1
2546	1091	1
2547	1091	1
2548	1091	1
2549	1091	1
2550	1091	1
2551	1091	1
2552	1091	1
2553	1091	1
2554	1091	1
2555	1091	1
2556	1091	1
2557	1091	1
2558	1091	1
2559	1091	1
2560	1091	1
2561	1091	1
2562	1091	1
2563	1091	1
2564	1091	1
2565	906	1
2566	906	1
2567	1001	1
2568	564	1
2569	1068	1
2570	1001	1
2571	883	1
2573	1001	1
2574	144	1
2575	1001	1
2576	549	1
2577	1051	1
2578	1086	1
2580	549	1
2581	1127	1
2582	549	1
2583	310	1
2584	240	1
2585	305	1
2586	709	1
2587	549	1
2588	694	1
2589	1000	1
2590	694	1
2591	495	1
2592	784	1
2593	327	1
2594	745	1
2595	745	1
2596	745	1
2597	897	1
2598	897	1
2599	897	1
2600	897	1
2601	897	1
2602	897	1
2605	67	1
2606	144	1
2607	310	1
2608	144	1
2608	305	1
2608	861	1
2608	883	1
2608	897	1
2608	1119	1
2610	122	1
2611	144	1
2612	709	1
2613	549	1
2614	310	1
2615	144	1
2616	549	1
2617	549	1
2619	549	1
2620	861	1
2621	1151	1
2622	471	1
2623	861	1
2625	1151	1
2626	310	1
2628	549	1
2629	549	1
2631	694	1
2632	249	1
2633	885	1
2634	495	1
2635	476	1
2635	1073	1
2636	495	1
2637	495	1
2638	708	1
2640	885	1
2641	708	1
2642	654	1
2643	1111	1
2644	88	1
2645	556	1
2646	310	1
2646	1118	1
2647	1091	1
2648	1091	1
2649	1091	1
2650	1091	1
2651	1091	1
2652	1091	1
2653	1091	1
2654	1091	1
2655	1091	1
2656	1091	1
2657	1086	1
2658	708	1
2659	282	1
2660	282	1
2661	282	1
2662	526	1
2663	549	1
2664	708	1
2665	495	1
2666	897	1
2667	1086	1
2668	944	1
2668	1000	1
2669	709	1
2670	549	1
2671	1086	1
2673	745	1
2674	495	1
2675	495	1
2676	977	1
2677	372	1
2678	987	1
2679	155	1
2680	1073	1
2681	310	1
2682	495	1
2683	497	1
2684	495	1
2685	292	1
2686	472	1
2686	861	1
2687	766	1
2688	1001	1
2689	900	1
2690	822	1
2691	708	1
2691	861	1
2692	495	1
2693	822	1
2693	1086	1
2694	249	1
2694	269	1
2694	1086	1
2695	1151	1
2696	88	1
2697	292	1
2698	88	1
2699	709	1
2700	549	1
2701	976	1
2702	292	1
2703	906	1
2704	861	1
2704	883	1
2705	549	1
2706	1086	1
2707	434	1
2708	987	1
2709	88	1
2710	55	1
2711	821	1
2712	88	1
2712	1029	1
2713	977	1
2714	88	1
2714	1018	1
2715	821	1
2716	526	1
2717	144	1
2717	709	1
2718	144	1
2718	709	1
2719	144	1
2719	709	1
2720	144	1
2720	709	1
2721	144	1
2721	709	1
2722	144	1
2722	709	1
2723	144	1
2723	709	1
2724	144	1
2724	709	1
2725	144	1
2725	709	1
2726	144	1
2726	709	1
2727	144	1
2727	709	1
2729	295	1
2729	426	1
2729	520	1
2729	709	1
2729	883	1
2729	885	1
2730	25	1
2730	372	1
2731	381	1
2732	821	1
2733	821	1
2734	745	1
2735	745	1
2736	1086	1
2737	1086	1
2738	1086	1
2739	1086	1
2740	1086	1
2741	310	1
2742	821	1
2743	221	1
2744	144	1
2745	17	1
2745	18	1
2745	57	1
2745	88	1
2745	122	1
2745	154	1
2745	271	1
2745	320	1
2745	343	1
2745	361	1
2745	407	1
2745	411	1
2745	443	1
2745	450	1
2745	453	1
2745	455	1
2745	458	1
2745	554	1
2745	557	1
2745	558	1
2745	572	1
2745	633	1
2745	649	1
2745	695	1
2745	714	1
2745	719	1
2745	751	1
2745	887	1
2745	888	1
2745	898	1
2745	906	1
2745	935	1
2745	958	1
2745	966	1
2745	1018	1
2745	1035	1
2745	1097	1
2745	1103	1
2745	1122	1
2745	1139	1
2745	1140	1
2745	1162	1
2745	1181	1
2745	151	1
2745	588	1
2745	1002	1
2745	1091	1
2745	24	1
2747	1086	1
2748	709	1
2748	883	1
2749	310	1
2750	144	1
2751	900	1
2752	1104	1
2753	549	1
2755	821	1
2756	549	1
2757	908	1
2757	1139	1
2758	495	1
2759	821	1
2760	88	1
2761	766	1
2762	495	1
2763	549	1
2764	745	1
2764	758	1
2764	1086	1
2764	1151	1
2765	977	1
2766	88	1
2767	549	1
2768	88	1
2769	18	1
2769	127	1
2769	248	1
2769	291	1
2769	292	1
2769	305	1
2769	408	1
2769	409	1
2769	423	1
2769	429	1
2769	471	1
2769	552	1
2769	556	1
2769	643	1
2769	694	1
2769	695	1
2769	696	1
2769	715	1
2769	758	1
2769	770	1
2769	791	1
2769	805	1
2769	806	1
2769	822	1
2769	829	1
2769	901	1
2769	906	1
2769	931	1
2769	976	1
2769	992	1
2769	1001	1
2769	1107	1
2769	1145	1
2769	1181	1
2769	90	1
2770	1095	1
2771	758	1
2772	883	1
2773	88	1
2774	144	1
2774	861	1
2775	88	1
2775	1049	1
2776	19	1
2777	12	1
2778	1055	1
2779	745	1
2780	19	1
2781	55	1
2781	144	1
2781	155	1
2781	290	1
2781	369	1
2781	377	1
2781	495	1
2781	552	1
2781	633	1
2781	708	1
2781	709	1
2781	885	1
2781	977	1
2781	1035	1
2781	1094	1
2782	88	1
2783	830	1
2784	88	1
2785	152	1
2785	471	1
2786	88	1
2787	249	1
2787	549	1
2787	757	1
2787	796	1
2787	807	1
2787	813	1
2788	344	1
2789	88	1
2789	290	1
2789	495	1
2790	88	1
2790	155	1
2790	372	1
2790	495	1
2790	1095	1
2791	88	1
2792	88	1
2793	144	1
2794	654	1
2795	564	1
2795	883	1
2796	238	1
2797	88	1
2797	549	1
2797	709	1
2797	885	1
2797	588	1
2798	556	1
2798	708	1
2798	900	1
2798	1086	1
2798	1151	1
2800	1142	1
2801	88	1
2802	908	1
2803	709	1
2803	861	1
2804	88	1
2805	885	1
2806	88	1
2806	271	1
2807	885	1
2808	88	1
2808	900	1
2809	88	1
2809	549	1
2811	249	1
2812	757	1
2812	807	1
2813	588	1
2814	811	1
2815	955	1
2816	1120	1
2817	588	1
2818	438	1
2819	894	1
2820	894	1
2821	894	1
2822	894	1
2823	894	1
2824	894	1
2825	894	1
2826	372	1
2827	88	1
2828	821	1
2829	144	1
2829	310	1
2830	88	1
2831	792	1
2832	792	1
2833	821	1
2833	894	1
2834	549	1
2835	1093	1
2836	1093	1
2837	1093	1
2838	1093	1
2839	1093	1
2840	1093	1
2841	775	1
2842	1093	1
2843	775	1
2844	1093	1
2845	1093	1
2846	1093	1
2847	775	1
2848	1135	1
2849	775	1
2850	1093	1
2851	1093	1
2852	775	1
2853	857	1
2854	775	1
2855	775	1
2855	1135	1
2856	1093	1
2857	1093	1
2858	1093	1
2859	1093	1
2860	775	1
2861	775	1
2862	775	1
2863	775	1
2864	775	1
2864	1135	1
2865	989	1
2866	989	1
2867	1093	1
2868	1093	1
2869	775	1
2869	1135	1
2870	1093	1
2871	775	1
2871	1135	1
2872	775	1
2872	1135	1
2873	1093	1
2874	1135	1
2875	1093	1
2876	1093	1
2877	1093	1
2878	775	1
2878	1135	1
2879	1093	1
2880	775	1
2880	1135	1
2881	1001	1
2882	1093	1
2883	88	1
2884	1093	1
2885	1093	1
2886	1093	1
2887	775	1
2887	1135	1
2888	1093	1
2889	88	1
2890	821	1
2891	98	1
2892	144	1
2892	857	1
2892	948	1
2893	1086	1
2894	526	1
2894	811	1
2895	694	1
2897	654	1
2898	476	1
2899	1086	1
2900	1086	1
2901	88	1
2902	708	1
2903	894	1
2904	894	1
2905	144	1
2905	497	1
2905	549	1
2905	861	1
2906	821	1
2907	839	1
2908	839	1
2908	1015	1
2910	821	1
2910	861	1
2911	883	1
2912	88	1
2912	1086	1
2913	19	1
2914	791	1
2915	822	1
2916	906	1
2917	1051	1
2918	55	1
2919	1051	1
2920	906	1
2921	822	1
2922	906	1
2923	88	1
2924	15	1
2925	88	1
2926	88	1
2926	144	1
2926	885	1
2926	1001	1
2927	88	1
2928	88	1
2929	1000	1
2930	1000	1
2931	88	1
2932	381	1
2933	381	1
2934	381	1
2935	381	1
2936	310	1
2937	1000	1
2938	144	1
2939	88	1
2939	310	1
2939	495	1
2939	1086	1
2940	1000	1
2941	839	1
2942	88	1
2942	495	1
2943	249	1
2944	4	1
2944	22	1
2944	57	1
2944	152	1
2944	155	1
2944	249	1
2944	290	1
2944	344	1
2944	349	1
2944	408	1
2944	466	1
2944	475	1
2944	558	1
2944	597	1
2944	645	1
2944	654	1
2944	664	1
2944	897	1
2944	906	1
2944	998	1
2944	1035	1
2944	1073	1
2944	1097	1
2944	1103	1
2944	1119	1
2944	1120	1
2944	605	1
2944	1002	1
2945	1119	1
2946	88	1
2946	709	1
2947	745	1
2948	88	1
2949	821	1
2950	88	1
2951	144	1
2951	426	1
2951	549	1
2951	822	1
2951	825	1
2951	1129	1
2952	834	1
2953	88	1
2954	144	1
2954	249	1
2954	310	1
2954	549	1
2954	883	1
2954	885	1
2955	821	1
2956	107	1
2957	107	1
2958	107	1
2959	564	1
2960	384	1
2961	1151	1
2962	1145	1
2963	384	1
2964	1151	1
2965	144	1
2966	384	1
2967	1151	1
2968	1050	1
2969	1050	1
2970	1151	1
2971	743	1
2972	906	1
2973	384	1
2974	549	1
2975	549	1
2976	384	1
2977	384	1
2978	144	1
2979	384	1
2980	384	1
2981	93	1
2982	384	1
2983	144	1
2984	310	1
2984	384	1
2985	1050	1
2986	384	1
2987	906	1
2988	384	1
2989	384	1
2990	708	1
2991	384	1
2992	93	1
2993	384	1
2994	384	1
2995	708	1
2996	384	1
2997	549	1
2998	906	1
2999	1001	1
3000	1050	1
3000	1140	1
3001	384	1
3002	384	1
3003	743	1
3004	282	1
3005	104	1
3005	357	1
3005	812	1
3005	1147	1
3006	282	1
3007	282	1
3008	282	1
3009	88	1
3010	122	1
3010	144	1
3010	310	1
3010	426	1
3010	549	1
3010	897	1
3012	645	1
3013	645	1
3014	63	1
3014	955	1
3015	88	1
3016	232	1
3017	249	1
3017	429	1
3017	471	1
3017	708	1
3017	822	1
3017	1000	1
3017	1086	1
3018	821	1
3019	88	1
3020	88	1
3021	88	1
3022	88	1
3023	88	1
3024	839	1
3025	88	1
3026	88	1
3027	88	1
3028	88	1
3029	88	1
3030	88	1
3031	88	1
3032	88	1
3033	88	1
3034	88	1
3035	88	1
3036	88	1
3037	88	1
3038	88	1
3039	88	1
3040	88	1
3041	310	1
3042	88	1
3043	88	1
3044	88	1
3045	88	1
3046	88	1
3047	88	1
3048	88	1
3049	88	1
3050	1001	1
3051	88	1
3052	88	1
3053	88	1
3054	88	1
3055	88	1
3056	88	1
3057	88	1
3058	88	1
3059	88	1
3060	88	1
3061	88	1
3062	88	1
3063	88	1
3064	88	1
3065	88	1
3066	88	1
3067	88	1
3068	88	1
3069	88	1
3070	88	1
3071	88	1
3072	88	1
3073	88	1
3074	88	1
3075	88	1
3076	88	1
3077	88	1
3078	476	1
3079	88	1
3080	1119	1
3081	88	1
3082	88	1
3083	88	1
3084	88	1
3085	88	1
3086	88	1
3087	88	1
3088	88	1
3089	88	1
3090	476	1
3091	88	1
3092	88	1
3093	88	1
3094	88	1
3095	88	1
3096	88	1
3097	88	1
3098	88	1
3099	88	1
3100	88	1
3101	88	1
3102	88	1
3103	88	1
3104	88	1
3105	88	1
3106	885	1
3107	88	1
3108	88	1
3109	88	1
3110	88	1
3111	694	1
3112	88	1
3113	88	1
3114	88	1
3115	88	1
3116	88	1
3117	88	1
3118	906	1
3119	88	1
3119	549	1
3119	1015	1
3120	885	1
3121	812	1
3122	709	1
3123	546	1
3123	758	1
3124	4	1
3124	607	1
3125	821	1
3126	821	1
3127	1162	1
3128	88	1
3129	897	1
3130	88	1
3131	88	1
3132	821	1
3133	801	1
3134	801	1
3135	801	1
3136	801	1
3137	801	1
3138	801	1
3139	801	1
3140	801	1
3141	801	1
3142	801	1
3143	801	1
3144	801	1
3145	801	1
3146	801	1
3147	801	1
3148	801	1
3149	801	1
3150	801	1
3151	801	1
3152	801	1
3153	801	1
3154	801	1
3155	801	1
3156	801	1
3157	801	1
3158	801	1
3159	801	1
3160	801	1
3161	801	1
3162	801	1
3163	801	1
3164	801	1
3165	801	1
3166	801	1
3167	801	1
3168	801	1
3169	801	1
3170	801	1
3171	801	1
3172	801	1
3173	801	1
3174	801	1
3175	801	1
3176	801	1
3177	801	1
3178	801	1
3179	801	1
3180	801	1
3181	801	1
3182	801	1
3183	801	1
3184	801	1
3185	801	1
3186	801	1
3187	801	1
3188	801	1
3189	801	1
3190	801	1
3191	801	1
3192	801	1
3193	801	1
3194	801	1
3195	801	1
3196	801	1
3197	801	1
3198	801	1
3199	801	1
3200	801	1
3201	801	1
3202	801	1
3203	801	1
3204	801	1
3205	801	1
3206	801	1
3207	801	1
3208	801	1
3209	801	1
3210	801	1
3211	801	1
3212	801	1
3213	801	1
3214	801	1
3215	801	1
3216	801	1
3217	801	1
3218	88	1
3218	548	1
3219	88	1
3220	708	1
3221	144	1
3222	1086	1
3223	821	1
3224	327	1
3225	88	1
3226	88	1
3227	885	1
3228	88	1
3228	549	1
3229	549	1
3230	549	1
3231	549	1
3232	549	1
3233	549	1
3234	549	1
3235	775	1
3235	1135	1
3236	1162	1
3237	549	1
3238	549	1
3239	88	1
3240	549	1
3241	549	1
3242	549	1
3243	549	1
3244	549	1
3245	549	1
3246	549	1
3247	876	1
3247	883	1
3248	88	1
3249	821	1
3251	88	1
3252	839	1
3253	144	1
3253	155	1
3253	249	1
3253	264	1
3253	372	1
3253	883	1
3253	1000	1
3253	1001	1
3253	1118	1
3253	1144	1
3253	1151	1
3254	791	1
3255	155	1
3256	495	1
3257	883	1
3258	758	1
3258	839	1
3258	1162	1
3259	249	1
3259	259	1
3260	144	1
3261	8	1
3262	88	1
3263	88	1
3263	888	1
3263	908	1
3264	144	1
3265	144	1
3266	144	1
3267	144	1
3268	144	1
3269	549	1
3270	122	1
3270	249	1
3270	264	1
3270	423	1
3270	436	1
3270	495	1
3270	709	1
3270	791	1
3270	883	1
3270	1073	1
3272	977	1
3273	977	1
3274	139	1
3274	475	1
3274	549	1
3274	708	1
3274	1001	1
3274	1055	1
3274	1151	1
3275	977	1
3276	709	1
3276	861	1
3276	977	1
3276	1140	1
3277	822	1
3277	861	1
3277	977	1
3278	977	1
3279	549	1
3279	709	1
3279	1129	1
3280	88	1
3281	745	1
3281	876	1
3282	155	1
3282	549	1
3282	1086	1
3284	977	1
3285	144	1
3286	873	1
3287	791	1
3288	549	1
3289	495	1
3290	1147	1
3291	372	1
3291	423	1
3291	587	1
3292	1091	1
3293	232	1
3293	645	1
3294	989	1
3295	549	1
3296	821	1
3297	821	1
3298	821	1
3299	88	1
3301	402	1
3301	796	1
3301	819	1
3301	1073	1
3302	775	1
3302	1135	1
3303	88	1
3304	821	1
3305	821	1
3306	144	1
3308	88	1
3308	144	1
3308	502	1
3308	908	1
3309	1091	1
3310	128	1
3310	987	1
3311	88	1
3312	144	1
3313	894	1
3314	821	1
3315	708	1
3316	88	1
3317	821	1
3318	821	1
3319	821	1
3320	876	1
3321	821	1
3322	921	1
3323	423	1
3324	476	1
3325	745	1
3326	88	1
3326	748	1
3327	977	1
3328	821	1
3329	426	1
3330	977	1
3331	310	1
3332	1073	1
3333	144	1
3334	861	1
3335	821	1
3336	523	1
3337	900	1
3338	900	1
3339	144	1
3340	549	1
3341	305	1
3342	549	1
3343	977	1
3344	977	1
3345	977	1
3346	708	1
3347	88	1
3347	745	1
3347	1086	1
3348	977	1
3349	88	1
3350	549	1
3351	549	1
3352	88	1
3353	821	1
3354	1086	1
3355	88	1
3356	1119	1
3358	423	1
3359	906	1
3360	495	1
3362	306	1
3362	408	1
3362	976	1
3362	977	1
3362	1000	1
3364	136	1
3365	885	1
3366	821	1
3367	88	1
3367	144	1
3368	88	1
3369	310	1
3370	22	1
3370	87	1
3370	88	1
3370	113	1
3370	127	1
3370	152	1
3370	221	1
3370	296	1
3370	305	1
3370	357	1
3370	423	1
3370	534	1
3370	560	1
3370	643	1
3370	719	1
3370	745	1
3370	748	1
3370	758	1
3370	791	1
3370	822	1
3370	900	1
3370	906	1
3370	939	1
3370	999	1
3370	1118	1
3370	1145	1
3370	1151	1
3371	709	1
3372	495	1
3372	745	1
3373	88	1
3374	1086	1
3375	88	1
3376	310	1
3377	88	1
3378	549	1
3379	888	1
3380	88	1
3381	495	1
3382	144	1
3383	88	1
3383	305	1
3383	495	1
3384	1119	1
3385	1000	1
3386	885	1
3387	821	1
3388	567	1
3390	836	1
3391	708	1
3391	861	1
3392	1162	1
3393	549	1
3393	709	1
3393	1073	1
3393	1086	1
3394	758	1
3395	237	1
3395	709	1
3395	1086	1
3396	144	1
3396	758	1
3396	1139	1
3397	836	1
3398	836	1
3399	836	1
3400	836	1
3401	836	1
3402	836	1
3403	836	1
3404	836	1
3405	836	1
3406	558	1
3406	1086	1
3407	88	1
3408	88	1
3409	88	1
3410	88	1
3411	88	1
3412	88	1
3413	88	1
3414	88	1
3415	88	1
3416	88	1
3417	88	1
3418	88	1
3419	88	1
3420	88	1
3421	998	1
3422	355	1
3422	950	1
3423	412	1
3424	686	1
3425	449	1
3426	237	1
3427	88	1
3428	715	1
3429	88	1
3430	91	1
3431	88	1
3432	88	1
3433	861	1
3434	908	1
3435	88	1
3436	249	1
3436	306	1
3436	643	1
3436	709	1
3436	977	1
3436	1151	1
3437	249	1
3437	306	1
3437	643	1
3437	709	1
3437	977	1
3437	1151	1
3438	88	1
3439	88	1
3440	88	1
3441	88	1
3442	88	1
3443	88	1
3444	88	1
3445	88	1
3446	88	1
3447	18	1
3448	751	1
3449	1111	1
3450	310	1
3451	310	1
3453	495	1
3454	885	1
3455	861	1
3456	144	1
3457	251	1
3458	708	1
3459	423	1
3460	144	1
3461	251	1
3462	745	1
3463	1086	1
3464	908	1
3465	745	1
3466	155	1
3467	251	1
3468	8	1
3469	885	1
3470	259	1
3471	310	1
3472	251	1
3473	1086	1
3474	549	1
3475	310	1
3477	791	1
3478	708	1
3479	745	1
3480	1086	1
3481	708	1
3482	144	1
3483	259	1
3484	251	1
3484	1120	1
3485	8	1
3485	745	1
3486	18	1
3487	1026	1
3488	495	1
3489	144	1
3490	144	1
3491	372	1
3492	1026	1
3493	885	1
3494	708	1
3495	472	1
3496	549	1
3497	18	1
3498	310	1
3499	745	1
3500	708	1
3501	708	1
3502	423	1
3503	549	1
3504	144	1
3505	374	1
3506	1151	1
3507	144	1
3507	372	1
3508	758	1
3509	344	1
3510	426	1
3511	495	1
3513	408	1
3514	495	1
3515	549	1
3516	1119	1
3517	908	1
3518	144	1
3519	310	1
3520	571	1
3521	1000	1
3522	900	1
3523	745	1
3524	155	1
3525	251	1
3526	708	1
3527	708	1
3528	1111	1
3529	708	1
3530	310	1
3531	857	1
3532	1026	1
3533	144	1
3534	1086	1
3535	908	1
3536	495	1
3537	908	1
3538	377	1
3539	495	1
3540	885	1
3541	144	1
3542	1026	1
3543	251	1
3544	885	1
3545	888	1
3546	408	1
3547	251	1
3548	259	1
3549	1086	1
3550	1086	1
3551	310	1
3552	549	1
3553	745	1
3554	259	1
3555	8	1
3556	144	1
3557	423	1
3558	310	1
3559	861	1
3560	1026	1
3561	90	1
3563	310	1
3564	310	1
3565	908	1
3566	251	1
3567	885	1
3568	495	1
3569	495	1
3570	758	1
3571	708	1
3572	708	1
3572	861	1
3573	715	1
3574	715	1
3575	8	1
3576	715	1
3577	715	1
3578	715	1
3579	310	1
3580	715	1
3581	549	1
3582	144	1
3583	908	1
3584	708	1
3586	1002	1
3587	836	1
3588	861	1
3589	310	1
3590	708	1
3591	144	1
3592	144	1
3593	144	1
3594	417	1
3595	344	1
3596	1026	1
3597	758	1
3598	885	1
3599	495	1
3600	549	1
3601	1119	1
3602	144	1
3603	708	1
3604	90	1
3605	417	1
3606	758	1
3607	472	1
3608	900	1
3609	745	1
3610	385	1
3611	1018	1
3612	476	1
3614	1086	1
3616	1035	1
3617	822	1
3618	495	1
3619	155	1
3619	654	1
3619	773	1
3620	821	1
3621	821	1
3622	821	1
3623	249	1
3624	15	1
3625	88	1
3626	1086	1
3627	534	1
3628	88	1
3629	821	1
3630	775	1
3631	372	1
3632	408	1
3634	1000	1
3635	88	1
3635	883	1
3637	88	1
3637	426	1
3638	105	1
3639	88	1
3640	526	1
3641	88	1
3642	88	1
3643	861	1
3644	821	1
3646	976	1
3646	1151	1
3647	908	1
3648	1091	1
3649	1120	1
3650	88	1
3651	88	1
3652	821	1
3653	310	1
3654	88	1
3655	629	1
3656	694	1
3657	88	1
3658	88	1
3659	251	1
3659	549	1
3660	821	1
3661	708	1
3661	715	1
3661	1086	1
3662	88	1
3663	1086	1
3664	709	1
3665	88	1
3666	1086	1
3667	88	1
3668	475	1
3670	549	1
3671	840	1
3672	945	1
3673	861	1
3674	88	1
3674	249	1
3674	709	1
3675	88	1
3675	384	1
3676	549	1
3677	821	1
3678	821	1
3679	88	1
3679	221	1
3680	821	1
3681	821	1
3682	821	1
3683	821	1
3684	821	1
3685	1086	1
3686	1	1
3687	1086	1
3688	969	1
3689	549	1
3690	88	1
3691	1175	1
3692	144	1
3693	821	1
3694	88	1
3695	88	1
3696	88	1
3698	551	1
3699	708	1
3699	1086	1
3700	1001	1
3701	977	1
3702	821	1
3703	88	1
3704	88	1
3704	305	1
3705	549	1
3706	310	1
3706	311	1
3706	426	1
3706	839	1
3706	883	1
3706	987	1
3706	1086	1
3706	633	1
3706	1091	1
3707	88	1
3708	865	1
3709	88	1
3709	249	1
3709	310	1
3709	409	1
3709	549	1
3709	906	1
3709	1086	1
3709	1139	1
3709	1091	1
3710	1086	1
3711	144	1
3711	549	1
3711	551	1
3711	861	1
3711	897	1
3711	1086	1
3711	1091	1
3712	249	1
3712	426	1
3712	861	1
3712	885	1
3712	1086	1
3713	310	1
3714	88	1
3714	365	1
3714	745	1
3715	310	1
3715	861	1
3715	885	1
3715	1086	1
3716	1018	1
3717	55	1
3717	549	1
3718	495	1
3718	805	1
3719	88	1
3719	122	1
3719	292	1
3719	310	1
3719	723	1
3719	758	1
3719	977	1
3720	88	1
3720	303	1
3720	310	1
3720	551	1
3720	1086	1
3720	1002	1
3721	88	1
3721	144	1
3721	274	1
3721	495	1
3721	709	1
3721	748	1
3721	861	1
3721	1086	1
3722	396	1
3722	748	1
3722	839	1
3722	1086	1
3723	792	1
3724	88	1
3725	1000	1
3726	327	1
3726	821	1
3726	1147	1
3727	977	1
3728	155	1
3729	55	1
3729	88	1
3729	155	1
3729	241	1
3729	264	1
3729	310	1
3729	549	1
3729	758	1
3729	861	1
3729	883	1
3729	885	1
3729	1008	1
3729	1086	1
3729	1095	1
3730	88	1
3730	310	1
3730	873	1
3731	55	1
3731	137	1
3731	834	1
3732	1073	1
3733	1073	1
3734	883	1
3734	629	1
3735	310	1
3736	232	1
3736	645	1
3737	885	1
3738	894	1
3739	894	1
3740	551	1
3741	144	1
3741	249	1
3741	264	1
3741	497	1
3741	520	1
3741	709	1
3741	897	1
3741	1001	1
3741	1107	1
3742	88	1
3743	249	1
3744	225	1
3744	377	1
3744	549	1
3744	654	1
3745	476	1
3746	1091	1
3747	629	1
3748	88	1
3749	791	1
3750	745	1
3751	88	1
3752	144	1
3753	708	1
3754	549	1
3755	88	1
3756	758	1
3757	249	1
3757	549	1
3758	821	1
3759	1086	1
3760	861	1
3761	1129	1
3762	88	1
3762	144	1
3763	1086	1
3764	821	1
3765	1151	1
3766	977	1
3767	249	1
3768	15	1
3769	839	1
3770	1151	1
3771	839	1
3772	1086	1
3773	88	1
3774	155	1
3774	644	1
3775	861	1
3776	495	1
3777	88	1
3778	155	1
3778	888	1
3779	155	1
3779	885	1
3780	155	1
3781	885	1
3782	88	1
3782	476	1
3783	723	1
3783	956	1
3783	1000	1
3784	93	1
3785	93	1
3786	821	1
3788	821	1
3789	548	1
3790	821	1
3791	821	1
3792	821	1
3793	548	1
3794	977	1
3795	1140	1
3796	548	1
3797	548	1
3798	977	1
3799	906	1
3800	977	1
3801	977	1
3802	548	1
3803	1051	1
3804	384	1
3805	548	1
3806	548	1
3807	548	1
3808	548	1
3809	977	1
3810	977	1
3811	384	1
3812	548	1
3813	1050	1
3814	1000	1
3815	409	1
3816	78	1
3816	429	1
3816	773	1
3816	1086	1
3816	1087	1
3816	1106	1
3817	88	1
3818	382	1
3818	715	1
3818	976	1
3818	977	1
3819	88	1
3819	310	1
3820	694	1
3821	821	1
3822	977	1
3823	438	1
3824	638	1
3824	758	1
3825	88	1
3826	249	1
3827	249	1
3828	249	1
3829	249	1
3830	249	1
3831	249	1
3832	1166	1
3832	1169	1
3833	88	1
3833	292	1
3833	310	1
3833	429	1
3833	709	1
3833	861	1
3833	1151	1
3834	625	1
3835	88	1
3837	821	1
3838	821	1
3839	88	1
3840	88	1
3841	88	1
3842	88	1
3843	88	1
3844	274	1
3845	88	1
3846	249	1
3847	876	1
3848	1086	1
3849	88	1
3850	885	1
3851	990	1
3851	1151	1
3852	144	1
3853	88	1
3853	90	1
3853	113	1
3853	144	1
3853	152	1
3853	249	1
3853	745	1
3853	977	1
3854	155	1
3854	305	1
3854	497	1
3854	861	1
3855	88	1
3855	144	1
3855	429	1
3855	497	1
3855	791	1
3855	861	1
3856	745	1
3857	88	1
3857	1029	1
3858	821	1
3859	290	1
3859	1086	1
3860	906	1
3861	745	1
3862	1000	1
3863	1144	1
3865	526	1
3866	840	1
3866	1100	1
3867	745	1
3868	549	1
3869	1086	1
3870	821	1
3871	88	1
3872	551	1
3873	426	1
3874	821	1
3875	88	1
3876	88	1
3877	551	1
3878	745	1
3879	549	1
3880	18	1
3880	90	1
3880	122	1
3880	154	1
3880	264	1
3880	289	1
3880	292	1
3880	305	1
3880	357	1
3880	429	1
3880	495	1
3880	548	1
3880	625	1
3880	708	1
3880	714	1
3880	715	1
3880	791	1
3880	885	1
3880	958	1
3880	977	1
3880	998	1
3880	1000	1
3880	1001	1
3881	88	1
3881	144	1
3881	497	1
3881	567	1
3882	18	1
3882	88	1
3882	322	1
3882	409	1
3882	495	1
3882	549	1
3882	745	1
3882	861	1
3882	900	1
3882	1073	1
3883	249	1
3884	908	1
3885	775	1
3886	88	1
3887	144	1
3888	88	1
3889	865	1
3890	88	1
3891	88	1
3892	821	1
3894	63	1
3896	88	1
3897	88	1
3898	88	1
3899	88	1
3900	526	1
3901	88	1
3902	88	1
3903	88	1
3904	88	1
3905	88	1
3906	88	1
3907	88	1
3908	88	1
3909	88	1
3910	290	1
3910	310	1
3911	144	1
3911	306	1
3911	723	1
3911	758	1
3912	88	1
3913	88	1
3914	1175	1
3915	88	1
3916	526	1
3917	88	1
3918	958	1
3919	88	1
3920	88	1
3921	88	1
3922	88	1
3923	88	1
3924	88	1
3925	88	1
3926	290	1
3926	310	1
3927	88	1
3928	88	1
3929	775	1
3930	775	1
3931	88	1
3932	88	1
3933	88	1
3934	88	1
3935	88	1
3936	88	1
3937	88	1
3938	88	1
3939	88	1
3940	88	1
3941	88	1
3942	88	1
3943	88	1
3944	88	1
3945	88	1
3946	88	1
3947	839	1
3948	88	1
3949	88	1
3950	88	1
3951	745	1
3952	745	1
3953	310	1
3954	775	1
3955	88	1
3956	88	1
3957	694	1
3957	709	1
3958	88	1
3959	861	1
3960	1086	1
3961	876	1
3962	897	1
3963	144	1
3963	306	1
3963	664	1
3963	723	1
3963	758	1
3964	839	1
3965	839	1
3966	88	1
3967	839	1
3968	88	1
3970	88	1
3971	88	1
3972	839	1
3973	88	1
3975	88	1
3976	775	1
3977	88	1
3978	88	1
3979	88	1
3980	88	1
3981	88	1
3982	88	1
3983	88	1
3984	839	1
3985	88	1
3986	88	1
3987	839	1
3988	88	1
3989	88	1
3990	88	1
3991	836	1
3991	1147	1
3991	894	1
3992	88	1
3993	88	1
3994	144	1
3995	88	1
3996	290	1
3996	310	1
3997	310	1
3998	306	1
3999	88	1
4000	591	1
4001	88	1
4002	88	1
4003	88	1
4004	88	1
4005	88	1
4006	88	1
4007	88	1
4008	88	1
4009	1000	1
4010	88	1
4011	88	1
4012	88	1
4013	88	1
4014	88	1
4015	88	1
4016	88	1
4017	88	1
4018	88	1
4019	88	1
4020	88	1
4021	88	1
4022	88	1
4023	88	1
4024	88	1
4025	88	1
4026	88	1
4027	88	1
4028	88	1
4029	88	1
4030	88	1
4031	88	1
4032	88	1
4033	88	1
4034	88	1
4035	88	1
4036	88	1
4037	88	1
4038	88	1
4039	88	1
4040	88	1
4041	88	1
4042	88	1
4043	88	1
4044	88	1
4045	88	1
4046	88	1
4047	88	1
4048	88	1
4049	88	1
4050	88	1
4051	88	1
4052	88	1
4053	88	1
4054	88	1
4055	88	1
4056	88	1
4057	88	1
4058	88	1
4059	708	1
4060	88	1
4061	88	1
4062	88	1
4063	88	1
4064	88	1
4065	88	1
4065	708	1
4066	88	1
4067	88	1
4068	88	1
4069	88	1
4070	88	1
4071	88	1
4072	88	1
4073	88	1
4074	88	1
4075	88	1
4076	88	1
4077	88	1
4078	88	1
4079	88	1
4080	88	1
4081	88	1
4082	88	1
4083	88	1
4084	88	1
4085	88	1
4086	88	1
4087	88	1
4088	549	1
4089	88	1
4090	88	1
4091	88	1
4092	88	1
4093	88	1
4094	88	1
4095	88	1
4096	88	1
4097	88	1
4098	694	1
4098	709	1
4098	977	1
4098	1086	1
4099	88	1
4100	694	1
4101	88	1
4102	88	1
4103	88	1
4104	88	1
4105	88	1
4106	88	1
4107	549	1
4108	88	1
4109	88	1
4110	88	1
4111	88	1
4112	88	1
4113	88	1
4114	88	1
4115	88	1
4116	88	1
4117	88	1
4118	88	1
4119	88	1
4120	88	1
4121	88	1
4122	88	1
4123	88	1
4124	88	1
4125	88	1
4126	88	1
4127	88	1
4128	88	1
4129	88	1
4130	88	1
4131	88	1
4132	88	1
4133	88	1
4134	88	1
4135	88	1
4136	88	1
4137	88	1
4138	88	1
4139	88	1
4140	88	1
4141	88	1
4142	88	1
4143	88	1
4144	88	1
4145	88	1
4146	88	1
4147	88	1
4148	88	1
4149	1119	1
4150	88	1
4151	88	1
4152	88	1
4153	88	1
4154	88	1
4155	88	1
4156	88	1
4157	88	1
4158	88	1
4159	88	1
4160	88	1
4161	88	1
4162	88	1
4163	88	1
4164	88	1
4165	88	1
4166	88	1
4167	88	1
4168	88	1
4169	88	1
4170	88	1
4171	88	1
4172	88	1
4173	88	1
4174	88	1
4175	88	1
4176	88	1
4177	88	1
4178	88	1
4179	88	1
4180	88	1
4181	88	1
4182	88	1
4183	88	1
4184	88	1
4185	88	1
4186	88	1
4187	88	1
4188	88	1
4189	88	1
4190	88	1
4191	88	1
4192	88	1
4193	88	1
4195	88	1
4196	88	1
4197	88	1
4198	88	1
4199	88	1
4200	88	1
4201	88	1
4202	88	1
4203	88	1
4204	88	1
4205	88	1
4206	1097	1
4207	88	1
4208	88	1
4209	88	1
4210	88	1
4211	88	1
4212	88	1
4213	88	1
4214	88	1
4215	88	1
4216	88	1
4217	88	1
4218	88	1
4219	88	1
4220	88	1
4221	88	1
4222	88	1
4223	88	1
4224	88	1
4225	88	1
4226	88	1
4227	88	1
4228	88	1
4229	88	1
4230	88	1
4231	88	1
4232	88	1
4233	88	1
4234	88	1
4235	88	1
4236	495	1
4237	88	1
4238	88	1
4239	88	1
4240	88	1
4241	88	1
4242	88	1
4243	88	1
4244	88	1
4245	88	1
4246	88	1
4247	88	1
4248	88	1
4249	88	1
4250	88	1
4251	88	1
4252	88	1
4253	88	1
4254	88	1
4255	88	1
4256	88	1
4257	88	1
4258	88	1
4259	88	1
4260	88	1
4261	88	1
4262	88	1
4263	88	1
4264	88	1
4265	88	1
4266	88	1
4267	861	1
4268	88	1
4269	88	1
4270	88	1
4271	88	1
4272	88	1
4273	88	1
4274	88	1
4275	88	1
4276	88	1
4277	88	1
4278	88	1
4279	88	1
4280	88	1
4281	88	1
4282	88	1
4283	88	1
4284	88	1
4285	88	1
4286	88	1
4287	88	1
4288	88	1
4289	88	1
4290	88	1
4291	88	1
4292	88	1
4293	88	1
4294	88	1
4295	88	1
4296	88	1
4297	88	1
4298	88	1
4299	88	1
4300	88	1
4301	88	1
4302	88	1
4303	88	1
4304	88	1
4305	88	1
4306	88	1
4307	409	1
4308	88	1
4309	88	1
4310	88	1
4310	897	1
4310	1086	1
4311	88	1
4312	88	1
4313	88	1
4314	88	1
4315	88	1
4316	88	1
4317	88	1
4318	88	1
4319	88	1
4320	88	1
4321	88	1
4322	839	1
4323	88	1
4324	88	1
4325	1093	1
4326	88	1
4327	88	1
4328	88	1
4329	88	1
4330	88	1
4331	88	1
4332	88	1
4333	88	1
4334	88	1
4335	88	1
4336	88	1
4337	88	1
4338	88	1
4339	88	1
4340	88	1
4341	88	1
4342	88	1
4343	88	1
4344	88	1
4345	88	1
4346	88	1
4347	88	1
4348	88	1
4349	88	1
4350	88	1
4351	88	1
4352	88	1
4353	88	1
4354	88	1
4355	88	1
4356	88	1
4357	88	1
4358	88	1
4359	88	1
4360	88	1
4361	88	1
4362	88	1
4363	88	1
4364	748	1
4365	88	1
4366	88	1
4367	88	1
4368	88	1
4369	88	1
4370	88	1
4371	88	1
4372	88	1
4373	88	1
4374	88	1
4375	88	1
4376	88	1
4377	88	1
4378	88	1
4379	88	1
4380	88	1
4381	839	1
4382	88	1
4383	88	1
4384	88	1
4385	88	1
4386	88	1
4387	88	1
4388	88	1
4389	88	1
4390	88	1
4391	88	1
4392	88	1
4393	88	1
4394	88	1
4395	88	1
4396	88	1
4397	88	1
4398	88	1
4399	88	1
4400	88	1
4401	88	1
4402	88	1
4403	88	1
4404	88	1
4405	88	1
4406	88	1
4407	88	1
4408	88	1
4409	88	1
4410	88	1
4411	88	1
4412	88	1
4413	88	1
4414	88	1
4415	88	1
4416	88	1
4417	88	1
4418	558	1
4419	19	1
4420	88	1
4421	88	1
4422	88	1
4423	88	1
4424	88	1
4425	88	1
4426	88	1
4427	88	1
4428	88	1
4429	88	1
4430	88	1
4431	88	1
4432	88	1
4433	88	1
4434	88	1
4435	88	1
4436	88	1
4437	88	1
4438	88	1
4439	88	1
4440	88	1
4441	88	1
4442	88	1
4443	88	1
4444	88	1
4445	88	1
4446	88	1
4447	88	1
4448	88	1
4449	88	1
4450	88	1
4451	88	1
4452	88	1
4453	88	1
4454	88	1
4455	88	1
4456	88	1
4457	88	1
4458	88	1
4459	88	1
4460	88	1
4461	88	1
4462	88	1
4463	88	1
4464	88	1
4465	88	1
4466	88	1
4467	88	1
4468	88	1
4469	88	1
4470	88	1
4471	88	1
4472	88	1
4473	88	1
4474	88	1
4475	88	1
4476	88	1
4477	1000	1
4478	88	1
4479	88	1
4480	88	1
4481	88	1
4482	88	1
4483	88	1
4484	88	1
4485	88	1
4486	88	1
4487	88	1
4488	88	1
4489	88	1
4490	88	1
4491	88	1
4492	88	1
4493	88	1
4494	88	1
4495	88	1
4496	88	1
4497	88	1
4498	88	1
4499	88	1
4500	88	1
4501	88	1
4502	88	1
4503	88	1
4504	88	1
4505	88	1
4506	88	1
4507	88	1
4508	88	1
4509	88	1
4510	88	1
4511	88	1
4512	88	1
4513	88	1
4514	88	1
4515	88	1
4516	88	1
4517	88	1
4518	88	1
4519	88	1
4520	88	1
4521	88	1
4522	88	1
4523	88	1
4524	88	1
4525	88	1
4526	88	1
4527	88	1
4528	88	1
4529	88	1
4530	88	1
4531	88	1
4532	88	1
4533	88	1
4534	88	1
4535	88	1
4536	88	1
4537	88	1
4538	88	1
4539	88	1
4540	88	1
4541	476	1
4542	88	1
4543	88	1
4544	88	1
4545	88	1
4546	88	1
4547	88	1
4548	88	1
4549	88	1
4550	88	1
4551	88	1
4552	88	1
4553	88	1
4554	88	1
4555	88	1
4556	88	1
4557	88	1
4558	88	1
4559	88	1
4560	88	1
4561	88	1
4562	88	1
4563	88	1
4564	88	1
4565	88	1
4566	88	1
4567	88	1
4568	88	1
4569	88	1
4570	1073	1
4571	88	1
4572	88	1
4573	88	1
4574	88	1
4575	88	1
4576	88	1
4577	88	1
4578	88	1
4579	88	1
4580	88	1
4581	88	1
4582	88	1
4583	88	1
4584	88	1
4585	88	1
4586	88	1
4587	88	1
4588	88	1
4589	88	1
4590	88	1
4591	88	1
4592	88	1
4593	88	1
4594	88	1
4595	88	1
4596	88	1
4597	88	1
4598	88	1
4599	88	1
4600	88	1
4601	88	1
4602	88	1
4603	88	1
4604	88	1
4605	88	1
4606	906	1
4607	88	1
4608	88	1
4609	88	1
4610	88	1
4611	88	1
4612	88	1
4613	88	1
4614	88	1
4615	88	1
4616	88	1
4617	88	1
4618	88	1
4619	88	1
4620	88	1
4621	88	1
4622	88	1
4623	88	1
4624	906	1
4625	88	1
4626	88	1
4627	88	1
4628	88	1
4629	1086	1
4630	88	1
4631	88	1
4632	88	1
4633	88	1
4634	88	1
4635	88	1
4636	88	1
4637	88	1
4638	88	1
4639	88	1
4640	88	1
4641	88	1
4642	88	1
4643	88	1
4644	88	1
4645	88	1
4646	88	1
4647	88	1
4648	88	1
4649	88	1
4650	88	1
4651	88	1
4652	88	1
4653	88	1
4654	88	1
4655	88	1
4656	88	1
4657	88	1
4658	88	1
4659	88	1
4660	88	1
4661	88	1
4662	88	1
4663	88	1
4664	88	1
4665	88	1
4666	88	1
4667	88	1
4668	88	1
4669	88	1
4670	88	1
4671	88	1
4672	88	1
4673	88	1
4674	88	1
4675	88	1
4676	88	1
4677	88	1
4678	88	1
4679	88	1
4680	88	1
4681	88	1
4682	88	1
4683	88	1
4684	88	1
4685	88	1
4686	88	1
4687	409	1
4688	88	1
4689	88	1
4690	88	1
4691	88	1
4692	88	1
4693	88	1
4694	88	1
4695	88	1
4696	88	1
4697	88	1
4698	88	1
4699	88	1
4700	88	1
4701	88	1
4702	88	1
4703	88	1
4705	88	1
4706	88	1
4707	88	1
4708	88	1
4708	1018	1
4709	88	1
4710	88	1
4711	88	1
4712	708	1
4713	88	1
4714	88	1
4715	549	1
4716	88	1
4717	88	1
4718	88	1
4719	88	1
4720	579	1
4721	88	1
4722	88	1
4723	88	1
4724	88	1
4725	88	1
4726	88	1
4727	88	1
4728	88	1
4729	88	1
4730	88	1
4731	88	1
4732	88	1
4733	88	1
4734	88	1
4735	88	1
4736	88	1
4737	88	1
4738	88	1
4739	88	1
4740	88	1
4741	88	1
4742	894	1
4743	894	1
4744	894	1
4745	894	1
4746	894	1
4747	88	1
4748	88	1
4749	88	1
4750	88	1
4751	88	1
4752	88	1
4753	88	1
4754	88	1
4755	88	1
4756	88	1
4757	88	1
4758	88	1
4759	88	1
4760	88	1
4761	88	1
4762	88	1
4763	88	1
4763	1000	1
4764	88	1
4765	88	1
4766	88	1
4767	88	1
4768	88	1
4769	88	1
4770	88	1
4771	88	1
4772	88	1
4773	88	1
4774	88	1
4775	88	1
4776	88	1
4777	88	1
4778	88	1
4779	88	1
4780	88	1
4781	88	1
4782	88	1
4783	88	1
4784	88	1
4785	88	1
4786	88	1
4787	88	1
4788	1000	1
4789	88	1
4790	88	1
4791	88	1
4792	88	1
4793	88	1
4794	88	1
4795	88	1
4796	88	1
4797	88	1
4798	88	1
4799	88	1
4800	88	1
4801	88	1
4802	88	1
4803	88	1
4804	88	1
4805	88	1
4806	88	1
4807	88	1
4808	88	1
4809	88	1
4810	88	1
4811	88	1
4812	88	1
4813	88	1
4814	88	1
4815	88	1
4816	88	1
4817	88	1
4818	88	1
4819	88	1
4820	88	1
4821	88	1
4822	88	1
4823	88	1
4824	88	1
4825	88	1
4826	88	1
4827	88	1
4828	88	1
4829	88	1
4830	88	1
4831	88	1
4832	88	1
4833	88	1
4834	88	1
4835	88	1
4836	88	1
4837	88	1
4838	88	1
4839	88	1
4840	88	1
4841	88	1
4842	88	1
4843	88	1
4844	88	1
4845	88	1
4846	88	1
4847	88	1
4848	88	1
4849	88	1
4850	88	1
4851	88	1
4852	88	1
4853	88	1
4854	88	1
4855	88	1
4856	88	1
4857	88	1
4858	88	1
4859	88	1
4860	88	1
4861	88	1
4862	88	1
4863	88	1
4864	88	1
4865	88	1
4866	88	1
4867	88	1
4868	88	1
4869	88	1
4870	88	1
4871	88	1
4872	88	1
4873	88	1
4874	88	1
4875	88	1
4876	88	1
4877	88	1
4878	88	1
4879	88	1
4880	88	1
4881	88	1
4882	88	1
4883	88	1
4884	88	1
4885	88	1
4886	88	1
4887	88	1
4888	88	1
4889	88	1
4890	88	1
4891	88	1
4892	88	1
4893	88	1
4894	88	1
4895	88	1
4896	88	1
4897	88	1
4898	88	1
4899	88	1
4900	88	1
4901	88	1
4902	88	1
4903	88	1
4904	88	1
4905	88	1
4906	88	1
4907	88	1
4908	88	1
4909	88	1
4910	88	1
4911	88	1
4912	88	1
4913	88	1
4914	88	1
4915	88	1
4916	88	1
4917	88	1
4918	88	1
4919	88	1
4920	88	1
4921	88	1
4922	88	1
4923	88	1
4924	88	1
4925	88	1
4926	88	1
4927	88	1
4928	88	1
4929	88	1
4930	88	1
4931	88	1
4932	88	1
4933	88	1
4934	88	1
4935	88	1
4936	88	1
4937	88	1
4938	88	1
4939	88	1
4940	88	1
4941	88	1
4942	88	1
4943	88	1
4944	88	1
4945	88	1
4946	88	1
4947	88	1
4948	88	1
4949	88	1
4950	88	1
4951	88	1
4952	88	1
4953	88	1
4954	88	1
4955	88	1
4956	88	1
4957	88	1
4958	88	1
4959	88	1
4960	88	1
4961	88	1
4962	88	1
4963	88	1
4964	88	1
4965	88	1
4966	88	1
4967	88	1
4968	88	1
4969	88	1
4970	88	1
4971	88	1
4972	88	1
4973	88	1
4974	88	1
4975	88	1
4976	88	1
4977	88	1
4978	88	1
4979	88	1
4980	88	1
4981	88	1
4982	88	1
4983	88	1
4984	88	1
4985	88	1
4986	88	1
4987	88	1
4988	88	1
4989	88	1
4990	88	1
4991	88	1
4992	88	1
4993	88	1
4994	88	1
4995	88	1
4996	88	1
4997	88	1
4998	88	1
4999	88	1
5000	88	1
5001	88	1
5002	88	1
5003	88	1
5004	88	1
5005	88	1
5006	88	1
5007	88	1
5008	88	1
5009	88	1
5010	88	1
5011	88	1
5012	88	1
5013	88	1
5014	88	1
5015	88	1
5016	88	1
5017	88	1
5018	88	1
5019	88	1
5020	88	1
5021	88	1
5022	88	1
5023	88	1
5024	88	1
5025	88	1
5026	88	1
5027	88	1
5028	88	1
5029	88	1
5030	88	1
5031	88	1
5032	88	1
5033	88	1
5034	88	1
5035	88	1
5036	88	1
5037	88	1
5038	88	1
5039	88	1
5040	88	1
5041	88	1
5042	88	1
5043	88	1
5044	88	1
5045	88	1
5046	88	1
5047	88	1
5048	88	1
5049	88	1
5050	88	1
5051	88	1
5052	88	1
5053	88	1
5054	88	1
5055	88	1
5056	88	1
5057	88	1
5058	88	1
5059	88	1
5060	88	1
5061	88	1
5062	88	1
5063	88	1
5064	88	1
5065	88	1
5066	88	1
5067	88	1
5068	88	1
5069	88	1
5070	88	1
5071	88	1
5072	88	1
5073	88	1
5074	88	1
5075	88	1
5076	88	1
5077	88	1
5078	88	1
5079	88	1
5080	88	1
5081	88	1
5082	88	1
5083	88	1
5084	88	1
5085	88	1
5086	88	1
5087	88	1
5088	88	1
5089	88	1
5090	88	1
5091	88	1
5092	88	1
5093	88	1
5094	88	1
5095	88	1
5096	88	1
5097	88	1
5098	88	1
5099	88	1
5100	88	1
5101	88	1
5102	88	1
5103	88	1
5104	88	1
5105	88	1
5106	88	1
5107	88	1
5108	88	1
5109	88	1
5110	88	1
5111	88	1
5112	88	1
5113	88	1
5114	88	1
5115	88	1
5116	88	1
5117	88	1
5118	88	1
5119	88	1
5120	88	1
5121	88	1
5122	88	1
5123	88	1
5124	88	1
5125	88	1
5126	88	1
5127	88	1
5128	88	1
5129	88	1
5130	88	1
5131	88	1
5132	88	1
5133	88	1
5134	88	1
5135	88	1
5136	88	1
5137	88	1
5138	88	1
5139	88	1
5140	88	1
5141	88	1
5142	88	1
5143	88	1
5144	88	1
5145	88	1
5146	88	1
5147	88	1
5148	88	1
5149	88	1
5150	88	1
5151	88	1
5152	88	1
5153	88	1
5154	88	1
5155	88	1
5156	88	1
5157	88	1
5158	88	1
5159	88	1
5160	88	1
5161	88	1
5162	88	1
5163	88	1
5164	88	1
5165	88	1
5166	88	1
5167	88	1
5168	88	1
5169	88	1
5170	88	1
5171	88	1
5172	88	1
5173	88	1
5174	88	1
5175	88	1
5176	88	1
5177	88	1
5178	88	1
5179	88	1
5180	88	1
5181	88	1
5182	88	1
5183	88	1
5184	88	1
5185	88	1
5186	88	1
5187	88	1
5188	88	1
5189	88	1
5190	88	1
5191	88	1
5192	88	1
5193	88	1
5194	88	1
5195	88	1
5196	88	1
5197	88	1
5198	88	1
5199	88	1
5200	88	1
5201	88	1
5202	88	1
5203	88	1
5204	88	1
5205	88	1
5206	88	1
5207	88	1
5207	906	1
5208	709	1
5209	409	1
5210	88	1
5211	88	1
5212	88	1
5213	88	1
5214	88	1
5215	579	1
5216	88	1
5217	19	1
5218	88	1
5219	549	1
5220	88	1
5221	88	1
5222	88	1
5223	88	1
5224	88	1
5225	88	1
5226	88	1
5227	384	1
5228	839	1
5229	88	1
5230	657	1
5231	88	1
5232	88	1
5233	88	1
5234	88	1
5235	144	1
5236	88	1
5237	88	1
5238	88	1
5239	88	1
5240	88	1
5241	88	1
5242	88	1
5243	88	1
5244	88	1
5245	88	1
5246	88	1
5247	88	1
5248	708	1
5248	1035	1
5249	88	1
5250	88	1
5251	88	1
5252	88	1
5253	88	1
5254	88	1
5255	88	1
5256	88	1
5257	88	1
5258	88	1
5259	88	1
5260	88	1
5261	88	1
5262	88	1
5263	1093	1
5264	88	1
5265	495	1
5266	88	1
5267	88	1
5268	883	1
5269	88	1
5270	88	1
5271	88	1
5273	88	1
5274	88	1
5275	88	1
5276	88	1
5278	88	1
5279	88	1
5280	839	1
5281	88	1
5282	88	1
5283	88	1
5284	88	1
5285	88	1
5286	292	1
5287	88	1
5288	88	1
5289	88	1
5290	88	1
5291	88	1
5292	88	1
5293	310	1
5294	88	1
5295	88	1
5296	88	1
5297	88	1
5297	775	1
5298	1086	1
5299	885	1
5302	88	1
5303	88	1
5304	88	1
5305	88	1
5306	88	1
5307	88	1
5308	88	1
5309	88	1
5310	88	1
5311	88	1
5312	88	1
5313	977	1
5314	88	1
5315	88	1
5316	88	1
5317	88	1
5318	495	1
5319	88	1
5320	151	1
5321	88	1
5322	88	1
5323	88	1
5324	88	1
5325	88	1
5326	88	1
5327	88	1
5328	88	1
5329	88	1
5330	88	1
5331	88	1
5332	88	1
5334	1140	1
5335	906	1
5336	88	1
5337	88	1
5338	88	1
5339	366	1
5339	1093	1
5340	1093	1
5341	144	1
5341	306	1
5341	664	1
5341	723	1
5341	758	1
5342	88	1
5343	88	1
5344	18	1
5344	19	1
5344	88	1
5344	121	1
5344	122	1
5344	264	1
5344	291	1
5344	305	1
5344	408	1
5344	471	1
5344	493	1
5344	587	1
5344	693	1
5344	791	1
5344	796	1
5344	900	1
5344	980	1
5344	1018	1
5344	1104	1
5344	1118	1
5345	122	1
5347	908	1
5348	88	1
5348	908	1
5349	310	1
5350	549	1
5350	876	1
5351	305	1
5352	549	1
5353	88	1
5354	821	1
5355	549	1
5356	708	1
5357	1020	1
5358	549	1
5359	88	1
5360	67	1
5361	88	1
5362	88	1
5363	709	1
5364	88	1
5364	310	1
5366	549	1
5367	144	1
5367	758	1
5367	1073	1
5368	88	1
5368	549	1
5369	384	1
5370	1086	1
5371	1086	1
5372	821	1
5373	977	1
5374	88	1
5375	821	1
5376	88	1
5376	495	1
5377	758	1
5378	412	1
5379	382	1
5379	549	1
5380	144	1
5380	549	1
5380	806	1
5380	897	1
5380	1086	1
5381	15	1
5381	122	1
5381	251	1
5381	301	1
5381	305	1
5381	348	1
5381	426	1
5381	495	1
5381	534	1
5381	758	1
5381	773	1
5381	822	1
5381	840	1
5381	1107	1
5381	1151	1
5381	762	1
5382	88	1
5383	88	1
5384	88	1
5385	88	1
5386	88	1
5387	88	1
5388	88	1
5389	88	1
5390	88	1
5391	88	1
5392	801	1
5393	88	1
5394	88	1
5395	88	1
5396	88	1
5397	88	1
5398	88	1
5400	88	1
5401	88	1
5401	861	1
5402	88	1
5403	88	1
5404	88	1
5405	88	1
5406	88	1
5407	88	1
5408	88	1
5409	88	1
5410	549	1
5411	745	1
5412	745	1
5413	529	1
5414	897	1
5415	88	1
5416	745	1
5417	88	1
5418	88	1
5419	88	1
5420	88	1
5421	88	1
5422	88	1
5423	88	1
5424	88	1
5425	88	1
5426	88	1
5427	88	1
5428	88	1
5429	88	1
5430	88	1
5431	88	1
5432	88	1
5433	1086	1
5434	861	1
5435	88	1
5436	88	1
5437	801	1
5438	88	1
5439	88	1
5440	88	1
5441	88	1
5442	88	1
5443	88	1
5444	88	1
5445	88	1
5446	88	1
5447	88	1
5448	88	1
5449	88	1
5450	88	1
5451	88	1
5452	88	1
5453	88	1
5454	88	1
5455	144	1
5456	19	1
5457	88	1
5458	88	1
5459	745	1
5460	88	1
5461	88	1
5462	88	1
5463	88	1
5464	19	1
5465	88	1
5466	88	1
5467	88	1
5468	88	1
5469	88	1
5470	88	1
5471	88	1
5472	88	1
5473	88	1
5474	88	1
5475	88	1
5476	19	1
5476	88	1
5477	88	1
5478	88	1
5479	88	1
5480	88	1
5481	88	1
5482	88	1
5483	88	1
5484	88	1
5485	88	1
5486	88	1
5487	88	1
5488	873	1
5489	88	1
5490	88	1
5491	873	1
5492	88	1
5493	88	1
5494	801	1
5495	801	1
5496	88	1
5497	694	1
5498	88	1
5499	88	1
5500	88	1
5501	88	1
5502	88	1
5503	88	1
5504	88	1
5505	88	1
5506	88	1
5507	88	1
5508	88	1
5509	88	1
5510	88	1
5511	88	1
5512	88	1
5513	708	1
5514	88	1
5515	88	1
5516	88	1
5517	88	1
5518	88	1
5519	88	1
5520	88	1
5521	88	1
5522	88	1
5523	708	1
5524	88	1
5525	88	1
5526	88	1
5527	88	1
5528	88	1
5529	88	1
5530	88	1
5531	88	1
5532	88	1
5533	88	1
5534	88	1
5535	88	1
5536	88	1
5537	88	1
5538	88	1
5539	88	1
5540	88	1
5541	88	1
5542	88	1
5543	88	1
5544	88	1
5545	88	1
5546	88	1
5547	88	1
5548	88	1
5549	88	1
5550	88	1
5551	88	1
5552	88	1
5553	529	1
5554	88	1
5555	88	1
5556	88	1
5557	88	1
5558	88	1
5559	88	1
5560	88	1
5561	88	1
5562	88	1
5563	88	1
5564	88	1
5565	88	1
5566	88	1
5567	88	1
5568	88	1
5569	88	1
5570	801	1
5571	88	1
5572	88	1
5573	88	1
5574	88	1
5575	88	1
5576	88	1
5577	88	1
5578	529	1
5579	88	1
5580	88	1
5581	88	1
5582	88	1
5583	88	1
5584	88	1
5585	249	1
5586	88	1
5587	88	1
5588	88	1
5589	88	1
5590	88	1
5591	88	1
5592	88	1
5593	88	1
5594	88	1
5595	88	1
5596	88	1
5597	88	1
5598	88	1
5599	88	1
5600	88	1
5601	88	1
5602	88	1
5603	88	1
5604	88	1
5605	88	1
5606	88	1
5607	88	1
5608	88	1
5609	88	1
5610	88	1
5611	88	1
5612	88	1
5613	88	1
5614	88	1
5615	19	1
5616	977	1
5617	88	1
5618	88	1
5619	88	1
5620	88	1
5621	88	1
5622	88	1
5623	88	1
5624	88	1
5625	745	1
5626	88	1
5627	88	1
5628	88	1
5629	88	1
5630	88	1
5631	88	1
5632	88	1
5633	88	1
5634	440	1
5635	529	1
5636	88	1
5637	88	1
5638	88	1
5639	88	1
5640	88	1
5641	88	1
5642	88	1
5643	88	1
5644	88	1
5645	88	1
5646	906	1
5647	88	1
5648	88	1
5649	88	1
5650	88	1
5651	88	1
5652	88	1
5653	88	1
5654	88	1
5655	88	1
5656	88	1
5657	88	1
5658	19	1
5659	88	1
5660	88	1
5661	88	1
5662	88	1
5663	88	1
5664	88	1
5666	88	1
5667	88	1
5668	88	1
5669	88	1
5670	88	1
5671	88	1
5672	88	1
5673	88	1
5674	88	1
5675	88	1
5676	88	1
5677	88	1
5678	88	1
5679	88	1
5680	88	1
5681	88	1
5682	88	1
5683	88	1
5684	88	1
5686	88	1
5687	88	1
5688	88	1
5689	88	1
5690	88	1
5691	88	1
5692	88	1
5693	88	1
5694	88	1
5695	88	1
5696	88	1
5697	548	1
5698	88	1
5699	88	1
5700	548	1
5701	88	1
5702	88	1
5703	88	1
5704	88	1
5705	88	1
5706	88	1
5707	88	1
5708	88	1
5709	549	1
5710	88	1
5711	88	1
5712	88	1
5713	88	1
5714	549	1
5715	88	1
5716	88	1
5717	88	1
5718	88	1
5719	88	1
5720	88	1
5721	88	1
5722	88	1
5722	977	1
5723	88	1
5724	88	1
5725	88	1
5726	88	1
5727	88	1
5728	88	1
5729	88	1
5730	88	1
5731	88	1
5732	88	1
5733	88	1
5734	88	1
5735	88	1
5736	88	1
5737	88	1
5738	88	1
5739	88	1
5740	88	1
5741	801	1
5742	88	1
5743	88	1
5744	88	1
5745	88	1
5746	88	1
5747	88	1
5748	88	1
5749	88	1
5750	88	1
5751	440	1
5752	88	1
5753	88	1
5754	249	1
5755	88	1
5756	88	1
5757	88	1
5758	88	1
5759	549	1
5760	977	1
5761	88	1
5762	88	1
5763	88	1
5764	88	1
5765	88	1
5766	88	1
5767	88	1
5768	801	1
5769	88	1
5770	88	1
5771	88	1
5772	88	1
5773	88	1
5774	801	1
5775	88	1
5776	801	1
5777	88	1
5778	88	1
5779	88	1
5780	88	1
5781	88	1
5782	88	1
5783	88	1
5784	88	1
5785	88	1
5786	88	1
5787	88	1
5788	88	1
5789	88	1
5790	88	1
5791	88	1
5792	88	1
5793	88	1
5794	88	1
5795	743	1
5796	88	1
5797	88	1
5798	88	1
5799	19	1
5799	88	1
5800	88	1
5801	88	1
5802	88	1
5803	88	1
5804	88	1
5805	88	1
5806	88	1
5807	88	1
5808	88	1
5809	801	1
5810	88	1
5811	977	1
5812	88	1
5813	801	1
5814	88	1
5815	88	1
5816	88	1
5817	88	1
5818	88	1
5819	88	1
5820	88	1
5821	88	1
5822	801	1
5823	88	1
5824	549	1
5824	1086	1
5825	88	1
5826	88	1
5827	88	1
5828	88	1
5829	88	1
5830	55	1
5831	88	1
5832	801	1
5833	88	1
5834	88	1
5835	249	1
5835	310	1
5836	88	1
5837	88	1
5838	88	1
5839	88	1
5840	88	1
5841	88	1
5842	88	1
5843	88	1
5844	384	1
5845	88	1
5846	88	1
5847	88	1
5848	88	1
5849	88	1
5850	88	1
5851	88	1
5852	88	1
5853	88	1
5854	88	1
5855	88	1
5856	88	1
5857	88	1
5858	88	1
5859	88	1
5859	745	1
5860	88	1
5861	88	1
5862	88	1
5863	88	1
5864	88	1
5865	88	1
5866	88	1
5867	948	1
5868	88	1
5869	88	1
5870	88	1
5871	88	1
5872	440	1
5873	88	1
5874	88	1
5875	88	1
5876	88	1
5877	88	1
5878	88	1
5879	327	1
5880	88	1
5881	88	1
5882	88	1
5883	801	1
5884	88	1
5885	88	1
5886	88	1
5887	88	1
5888	88	1
5889	548	1
5890	19	1
5891	88	1
5892	88	1
5893	88	1
5894	1119	1
5895	88	1
5896	88	1
5897	88	1
5898	88	1
5899	88	1
5900	88	1
5901	708	1
5902	88	1
5903	88	1
5904	88	1
5905	88	1
5906	88	1
5907	88	1
5908	88	1
5909	88	1
5910	19	1
5911	88	1
5912	88	1
5913	88	1
5914	88	1
5915	88	1
5916	88	1
5917	88	1
5918	88	1
5919	88	1
5920	88	1
5921	88	1
5922	88	1
5923	88	1
5924	88	1
5925	310	1
5926	88	1
5927	88	1
5928	88	1
5929	88	1
5930	88	1
5931	88	1
5932	88	1
5934	88	1
5935	88	1
5936	88	1
5937	1073	1
5938	88	1
5939	88	1
5940	88	1
5941	88	1
5942	88	1
5943	88	1
5944	88	1
5945	88	1
5946	88	1
5947	88	1
5948	88	1
5949	88	1
5950	88	1
5951	88	1
5952	88	1
5953	88	1
5954	88	1
5955	88	1
5956	88	1
5957	88	1
5958	88	1
5959	88	1
5960	88	1
5961	88	1
5962	88	1
5963	88	1
5964	88	1
5965	88	1
5966	88	1
5967	88	1
5968	88	1
5969	88	1
5970	88	1
5971	88	1
5972	88	1
5973	88	1
5974	88	1
5975	88	1
5976	88	1
5977	88	1
5978	88	1
5979	88	1
5980	327	1
5981	88	1
5982	88	1
5983	745	1
5984	88	1
5984	549	1
5985	88	1
5986	88	1
5987	88	1
5988	88	1
5989	377	1
5990	88	1
5991	529	1
5992	906	1
5993	18	1
5994	873	1
5995	654	1
5996	1093	1
5997	775	1
5997	1135	1
5998	1093	1
5999	775	1
6000	1093	1
6001	775	1
6001	1135	1
6002	775	1
6003	775	1
6004	1093	1
6005	1093	1
6006	775	1
6006	1135	1
6007	775	1
6008	775	1
6008	1135	1
6009	1093	1
6010	775	1
6010	1135	1
6011	775	1
6011	1135	1
6012	775	1
6012	1135	1
6013	775	1
6014	775	1
6014	1135	1
6015	775	1
6015	1135	1
6016	775	1
6016	1135	1
6017	775	1
6017	1135	1
6018	775	1
6019	775	1
6019	1135	1
6020	775	1
6020	1135	1
6021	775	1
6021	1135	1
6022	1093	1
6023	775	1
6023	1135	1
6024	1093	1
6025	1135	1
6026	775	1
6026	1135	1
6027	775	1
6028	1093	1
6029	775	1
6030	1140	1
6031	885	1
6032	885	1
6033	885	1
6034	885	1
6035	310	1
6036	836	1
6037	694	1
6037	1086	1
6038	88	1
6039	958	1
6040	3	1
6041	1000	1
6042	88	1
6043	861	1
6044	88	1
6045	310	1
6046	1015	1
6047	88	1
6048	144	1
6049	88	1
6050	88	1
6052	88	1
6053	897	1
6054	88	1
6055	307	1
6055	423	1
6056	88	1
6056	497	1
6056	551	1
6056	883	1
6056	1073	1
6056	1086	1
6056	1151	1
6057	423	1
6058	88	1
6058	549	1
6058	709	1
6058	1151	1
6059	166	1
6059	307	1
6059	861	1
6059	885	1
6059	977	1
6060	577	1
6061	88	1
6061	495	1
6062	88	1
6062	796	1
6062	1086	1
6063	897	1
6064	894	1
6065	1119	1
6066	526	1
6067	1086	1
6068	88	1
6069	1001	1
6070	88	1
6071	708	1
6072	885	1
6073	900	1
6074	791	1
6075	549	1
6076	67	1
6077	821	1
6078	88	1
6079	861	1
6080	88	1
6081	88	1
6081	310	1
6082	144	1
6082	249	1
6084	861	1
6085	88	1
6085	249	1
6085	409	1
6085	549	1
6085	709	1
6086	708	1
