1924	294	6
1905	1217	5
2462	4	30
3361	1219	3
6088	200	4
6088	405	4
6089	1223	2
6089	1224	2
1574	53	15
1574	19	13
1574	20	2
1470	127	15
899	518	2
977	493	2
2460	53	4
2460	19	4
2460	20	4
2460	22	4
2460	26	2
2745	216	3
1905	40	4
2462	146	7
6093	19	6
905	127	6
1574	59	8
1574	349	9
1574	107	13
1905	217	7
2781	1237	3
919	136	2
2769	216	4
3370	680	2
5754	172	3
2745	1238	4
2229	308	2
1905	114	6
6094	423	2
2920	543	2
1912	1239	5
6095	196	2
5344	226	2
2944	69	3
5344	2	4
1909	1240	7
1574	46	2
2745	1241	4
6097	65	2
6098	1242	2
6098	1243	2
2745	4	12
1907	54	2
6099	109	2
2745	232	6
3370	1244	2
1470	48	3
3880	181	2
6101	205	2
5346	3	8
1000	395	3
3882	1250	2
5381	227	2
3370	196	7
1416	156	2
1574	289	7
917	214	3
6102	1252	4
6102	1253	4
6102	1254	4
917	340	2
3706	1230	2
2769	1255	4
3855	181	5
5381	321	2
2745	1223	2
2745	1256	3
5344	232	4
6103	1257	2
1574	30	2
6104	1258	2
1905	391	2
3880	196	2
2608	107	3
5381	239	2
6106	194	2
1906	470	2
1000	218	2
2769	62	2
3370	136	2
3370	46	7
3712	192	2
3616	1265	2
3616	1266	2
3880	1267	2
6107	44	2
3370	68	6
3370	60	5
2745	156	3
2944	1269	2
6110	159	2
2241	582	2
2769	112	7
1924	1270	4
1924	1271	4
1924	1272	4
6111	280	3
2745	262	4
2745	114	4
2745	425	2
1574	68	6
1574	60	6
5344	57	4
6112	338	2
6112	493	2
1905	69	12
1470	376	2
6113	224	6
1574	423	10
1000	1274	8
6114	349	4
6056	107	2
6056	68	2
6056	60	2
6056	59	2
6056	108	2
3709	1275	2
3709	1276	2
3880	216	4
3741	1263	5
3880	1248	8
1574	666	23
2745	58	2
5381	267	4
3395	325	9
2745	31	2
1905	209	9
1574	1218	8
6115	178	4
3719	429	2
6116	280	2
1470	208	3
1384	296	3
1384	1265	3
3370	213	5
1470	1277	2
1470	1278	2
1470	53	2
1470	1279	2
1924	101	4
1912	233	5
3731	155	2
3370	106	6
2745	60	7
2155	389	2
5355	1220	3
2745	325	10
3263	1032	2
1906	65	2
1906	109	2
1906	194	2
1574	1280	3
2745	155	3
2781	47	7
2769	214	3
5381	262	5
6117	154	4
6118	194	4
1905	112	2
2745	1281	2
2745	240	3
2745	100	8
1574	6	6
6121	205	2
2142	1282	3
6123	57	2
6124	1204	4
3623	53	7
2745	226	2
1905	1283	2
2745	1284	2
6127	1285	2
6129	69	2
1574	1260	11
2944	1288	4
1924	1289	5
6130	509	4
6131	1290	2
2231	706	2
2769	233	3
1905	59	3
1574	1292	4
1574	746	2
1905	1293	4
1905	1265	2
1574	172	4
1904	1294	3
1462	339	3
1419	1254	6
6132	31	2
2798	176	13
6133	1264	2
1470	56	3
2462	1300	3
2462	1301	3
2462	1279	3
2462	1302	3
2462	1303	3
2462	1304	3
1905	44	8
5381	443	3
3880	625	2
1461	1306	3
1924	107	2
1905	260	3
3880	1307	3
5350	69	2
5381	1309	3
3880	205	3
5344	1310	7
3882	12	3
2944	1311	2
917	53	4
917	19	4
917	20	4
917	22	4
2745	239	2
5344	442	2
1574	150	2
6140	904	2
6142	349	4
6095	35	2
805	60	12
839	349	2
905	227	4
905	1316	4
913	186	2
989	178	3
989	54	3
989	55	3
989	74	3
989	290	3
1000	4	2
1050	1318	2
1050	760	2
1079	33	17
6145	641	2
1418	1316	2
1467	407	2
1574	14	2
1574	110	3
1580	1322	2
1592	1323	2
1905	1325	2
1905	1327	2
1907	90	2
1912	1293	2
6114	1329	2
2324	884	3
805	107	9
805	68	9
2729	155	4
2745	194	5
2745	1248	2
2745	215	10
2745	14	2
2745	65	2
2769	127	6
2787	149	2
2787	194	2
2908	1216	2
2931	1340	2
2944	346	2
2944	1239	3
2944	455	4
2944	1256	6
3260	1292	3
3370	206	3
3374	1347	4
3706	1248	2
3709	251	2
3710	4	3
3712	1151	3
3721	907	2
3731	107	2
3880	4	4
3880	7	2
3882	307	3
5344	13	4
5344	209	2
5344	1227	2
5344	61	2
5381	1353	2
5381	303	4
6055	1314	2
2174	429	3
6095	351	2
6095	53	2
917	1274	2
917	1357	3
917	1358	2
1000	808	5
1000	1359	3
1470	1361	3
1470	291	2
1470	146	2
1519	1285	3
1574	62	2
1574	255	3
1574	1226	3
1574	127	6
6164	486	3
1905	760	4
1905	1292	9
1912	215	4
6147	1364	2
1924	226	5
6114	1308	2
2157	216	3
2157	337	3
2178	1257	2
2188	1366	3
2192	213	2
2729	60	4
2745	113	4
2745	263	3
2745	1369	3
2769	58	3
2769	195	2
2795	137	2
2944	262	3
2944	110	2
2944	1373	4
849	41	2
6169	310	2
6169	69	2
3277	1374	2
3370	1275	2
3370	1323	3
3370	107	4
2462	1248	4
3616	226	4
3706	4	2
3706	213	3
3711	637	2
3711	59	2
3719	1314	2
3720	1263	2
3721	176	2
3731	1353	3
6170	127	2
3855	107	4
3882	312	3
5344	489	2
5344	156	2
5344	3	5
5344	211	3
5381	215	2
5381	1351	2
6059	1237	2
6059	47	7
6059	68	2
6059	60	2
1079	1	16
1905	1363	5
560	312	2
6178	312	2
905	61	3
917	398	2
1000	196	2
6179	312	2
1470	295	4
1494	68	2
1494	107	2
1494	108	2
1574	108	3
1905	296	3
1905	13	6
6185	220	2
2789	31	2
2944	112	2
2944	232	3
6187	130	2
6187	433	2
3362	14	5
3362	255	5
3362	65	5
3370	1264	6
6190	781	2
3880	41	2
3880	1309	2
5344	4	2
5381	46	2
1905	163	2
1906	343	2
1924	110	3
2589	479	2
2589	326	2
2693	1387	16
2745	206	2
2745	209	4
6114	1388	3
2172	1389	3
2694	221	2
2745	146	5
2769	6	2
2769	59	2
2769	396	2
6196	434	5
2944	1307	3
3370	248	2
6145	90	2
2589	107	2
2589	68	2
2589	60	2
2895	346	2
6206	349	2
3880	289	6
3720	1390	2
5665	1251	2
1905	325	3
3218	1241	5
2335	1383	3
2126	1273	3
6212	1407	2
2944	1352	2
6212	1414	3
3845	1415	3
3845	1416	3
3845	1417	3
3845	1418	4
3845	1419	3
3845	1420	4
3845	1421	3
3845	1422	3
1592	1342	3
1592	1254	2
1078	1239	2
1078	1423	2
6214	1227	2
6215	1320	2
3845	399	2
1905	1364	4
2769	1307	3
3370	346	2
1050	130	2
3010	1371	2
1440	1440	2
2781	227	2
6223	183	3
1067	1441	3
3845	130	2
1086	1354	2
6230	1449	2
2227	1293	2
3218	1220	2
1470	1338	2
2241	1374	3
2944	1238	2
542	1464	3
6240	1362	2
1587	1470	2
2129	1429	2
3119	1473	4
6250	1478	2
6059	1352	3
2781	1358	2
3880	1315	2
5344	1486	2
3880	1261	3
3824	136	2
6257	1333	2
947	59	2
6260	1261	2
6261	519	2
6262	1492	2
527	1494	2
5370	1273	2
6267	1317	2
2944	1229	5
1470	1500	5
3880	6	2
6268	1501	4
6271	1437	2
2944	1306	4
1470	222	2
3263	1351	2
6274	760	3
6274	325	3
6274	1505	3
6275	195	2
3218	1506	2
2167	133	2
2292	1508	2
2295	1275	2
2944	1376	2
3712	1451	2
2944	384	2
5381	272	4
6279	1515	2
3880	1516	2
3731	1519	2
3880	1520	2
5381	1333	2
2770	1325	2
2669	1522	2
6281	1292	3
2769	1524	2
3259	1525	2
3710	1239	5
5381	1261	3
2421	1529	3
2745	1530	3
923	486	2
1470	114	5
6282	1533	2
6283	260	2
6284	1534	2
1562	1343	2
6059	447	2
6285	1535	2
3706	535	2
3710	96	2
6286	1536	2
1574	3	2
1905	111	2
2234	948	2
1592	1441	2
2292	1537	6
6287	62	4
6288	1376	2
2164	1501	2
2945	352	2
3710	1457	2
6289	1366	2
1470	257	2
2745	1538	2
6290	1397	2
1470	1540	2
6291	1541	2
2745	1542	2
2762	1543	2
2944	13	2
3010	1544	2
3263	1220	2
5346	1241	2
6292	1545	2
6292	1546	2
2944	1310	2
2829	1537	3
5344	1217	2
2192	1462	3
1470	1506	2
2260	1564	2
3276	296	2
3709	1332	3
5381	1373	2
926	582	2
3816	1461	2
538	1350	5
1470	1509	7
6318	384	2
2806	1306	2
2134	1408	2
6325	1544	2
2101	1554	2
1592	1218	2
915	1597	2
1412	1544	2
977	1376	2
1050	1290	2
2745	106	2
6344	522	3
6345	297	4
2324	1242	4
2944	341	2
3352	369	3
3708	489	2
3711	1432	2
5381	1628	2
5381	225	2
5381	1367	2
5381	1260	2
5344	760	2
3712	1506	2
3383	238	4
3383	402	4
6361	1248	2
3370	1380	2
3010	205	2
2944	1283	2
2944	151	3
2944	1628	2
6370	1390	2
2769	1296	8
6374	1646	2
6374	154	2
6374	1647	2
6374	1648	2
6377	1275	2
2190	1627	2
2101	1390	2
1592	248	2
1422	1462	2
6263	1255	2
946	1220	2
6393	1306	2
538	514	2
538	1354	2
538	1462	2
839	1433	2
904	45	2
905	1353	2
911	1673	2
947	469	2
6222	1602	2
1078	1259	3
1081	267	2
6409	1684	2
1416	189	2
1440	408	2
1470	1367	2
1574	1333	2
1587	1695	2
1587	1369	2
6240	1584	2
1592	1450	2
1594	1441	2
2099	1529	2
2101	1700	2
6423	1241	2
6217	1309	2
2227	1441	2
2264	1254	2
2282	1437	2
2284	819	4
2293	1708	2
2295	1294	2
6381	1374	2
2460	1292	2
6440	447	2
6444	57	2
2707	1321	2
2745	1274	6
2745	177	3
2745	1290	2
2745	1242	2
2745	1310	2
2745	54	2
2745	1353	3
2769	1578	2
2769	1718	2
2769	1256	4
2781	1244	2
2781	297	6
2889	108	2
2944	1583	2
2944	1570	2
3130	347	2
3218	69	2
3218	1323	4
6277	1353	2
3370	1519	2
3370	137	2
3370	1255	3
3370	1261	3
3706	1565	2
3707	127	2
3708	1428	2
3708	1153	2
3715	1251	2
3718	1310	3
3719	206	2
3719	146	2
3721	1	2
3721	69	2
3750	1556	2
3752	1256	2
6460	1728	2
3845	1590	2
3845	1220	2
3880	1260	5
3880	267	2
3880	195	2
5381	1462	2
5381	1239	2
5381	6	2
5381	1450	2
5381	1230	2
6059	1690	2
6469	1730	2
6470	704	2
6472	1737	2
1099	1524	3
1117	159	2
1421	1284	2
6475	1248	2
1470	1220	2
1574	1447	3
6265	1028	2
6265	1453	2
2797	478	2
2944	1506	2
3010	1554	2
3010	1751	2
3256	1290	2
6485	191	3
3706	1755	2
3711	1334	2
3722	1347	2
3722	752	2
3722	808	2
3864	1378	3
5380	1627	3
6059	1530	2
2309	1698	2
5381	1263	5
1574	1372	2
2148	1583	2
5381	1256	2
5381	1218	2
6496	1763	2
1598	349	4
1910	1695	2
2101	1765	4
6497	1320	2
2228	889	2
2460	227	2
6498	1584	2
2769	1766	6
2769	1767	6
3292	1506	2
6218	1497	2
3875	1434	2
5381	1317	2
2769	1373	2
3731	1217	2
3729	1470	2
3880	1768	2
6055	1780	2
3712	1029	3
3370	1362	3
2769	843	3
2944	178	2
919	68	2
2707	1379	2
6517	1319	2
6517	1720	2
6517	1791	2
3710	1294	2
6519	1506	2
3218	1243	2
3880	303	2
3218	5	2
6526	114	2
6529	1543	2
2195	1326	3
1053	1353	2
3218	1747	2
6545	1312	3
6546	1811	2
6548	1231	2
2745	760	3
6095	1274	2
2292	1815	2
3218	1390	2
3728	1823	3
1581	210	2
2101	1267	2
2889	1334	2
6236	56	3
6573	1378	3
2608	1618	2
2608	1833	2
3352	1690	2
5381	1834	2
3880	1231	4
2227	1326	2
2951	213	2
2769	232	2
5381	1717	2
6579	459	2
6581	1009	3
6087	1207	1
824	1216	1
2866	1218	1
2865	26	1
1574	22	1
1574	26	1
6090	342	1
6091	1218	1
6092	26	1
2569	215	1
2269	512	1
6096	421	1
6100	215	1
3706	1251	1
2769	1259	1
6105	98	1
905	262	1
6108	22	1
3370	108	1
6109	68	1
6109	60	1
6109	108	1
2745	217	1
5381	41	1
6119	3	1
6120	3	1
6122	600	1
6125	46	1
6126	48	1
6126	56	1
3712	1231	1
6127	1192	1
6128	1286	1
6128	1287	1
2944	1291	1
6134	58	1
6135	470	1
6135	1085	1
6135	1299	1
2769	227	1
3880	256	1
6136	127	1
3880	150	1
3880	109	1
3880	1292	1
3880	65	1
3880	111	1
3880	206	1
3880	222	1
1009	150	1
1009	109	1
1009	1292	1
1009	62	1
1009	255	1
1009	65	1
1009	111	1
1009	205	1
1009	206	1
1009	222	1
6137	260	1
6138	1216	1
1574	100	1
6139	130	1
6139	433	1
3281	906	1
2460	224	1
6141	127	1
6143	1312	1
531	57	1
531	1313	1
6144	1314	1
805	321	1
805	13	1
829	1315	1
849	190	1
905	191	1
905	48	1
905	58	1
917	590	1
1000	41	1
1050	1317	1
1050	1319	1
1050	1320	1
1050	325	1
1050	1267	1
1050	903	1
1050	280	1
1050	819	1
1050	752	1
1067	1229	1
1067	1265	1
1306	493	1
1391	1321	1
1421	854	1
1421	110	1
6146	316	1
1439	3	1
1470	680	1
1470	298	1
1568	208	1
1574	1254	1
1574	44	1
1574	80	1
1574	295	1
1574	135	1
1592	1229	1
1592	1324	1
1905	32	1
1905	1259	1
1905	1241	1
1905	123	1
1905	312	1
1905	1326	1
1907	113	1
1912	1328	1
6147	40	1
6147	114	1
6147	570	1
1924	47	1
2101	780	1
2101	637	1
6114	2	1
6114	110	1
6148	1330	1
2174	1331	1
6149	1332	1
2195	408	1
2233	450	1
6150	1289	1
6150	1333	1
2276	1334	1
2276	1335	1
2281	1336	1
2313	1310	1
2745	109	1
2745	1337	1
2745	456	1
2753	155	1
2762	177	1
2781	59	1
2781	112	1
2781	238	1
2781	69	1
2787	53	1
2796	48	1
2796	56	1
2806	137	1
2829	854	1
2896	1293	1
2896	1338	1
6151	1339	1
2944	1341	1
2944	280	1
2944	753	1
2944	1342	1
2954	1223	1
3010	1343	1
3119	103	1
3218	1344	1
6152	232	1
6153	1345	1
6154	127	1
3370	505	1
3370	1346	1
3476	1314	1
6155	429	1
6156	465	1
3589	1348	1
6157	1349	1
3709	1350	1
3710	1338	1
3711	81	1
3711	192	1
3715	1220	1
3719	256	1
3721	137	1
3722	46	1
3731	68	1
3731	60	1
3833	260	1
3833	354	1
6158	61	1
3855	215	1
3880	1256	1
3880	1351	1
3881	107	1
5344	325	1
5344	1348	1
5344	462	1
5344	35	1
5344	163	1
5344	1352	1
5344	51	1
5344	298	1
5381	337	1
5381	185	1
5381	59	1
5381	60	1
5381	1273	1
5381	69	1
5381	31	1
5381	1354	1
6056	262	1
6058	232	1
6059	762	1
871	1309	1
6159	1355	1
6160	337	1
6161	45	1
6095	251	1
6095	69	1
6095	1227	1
801	1356	1
829	232	1
897	111	1
905	1312	1
905	185	1
908	262	1
909	127	1
917	260	1
917	353	1
917	217	1
917	44	1
917	45	1
919	442	1
919	69	1
1000	114	1
6162	114	1
6163	72	1
1050	515	1
1067	754	1
1086	205	1
1439	1360	1
1462	1280	1
1469	69	1
1470	303	1
1574	61	1
1574	65	1
1586	1	1
1586	291	1
1586	343	1
1594	68	1
1594	107	1
1594	108	1
1599	1256	1
6165	45	1
1904	69	1
1904	1292	1
1904	112	1
1905	126	1
1905	1362	1
1905	339	1
1907	262	1
1907	1219	1
1912	68	1
1912	1363	1
6147	297	1
6147	62	1
1945	68	1
1945	107	1
1945	108	1
2101	279	1
2132	4	1
2133	251	1
2150	1365	1
6114	146	1
2195	1218	1
6166	1254	1
2231	1237	1
2242	112	1
2295	582	1
2324	226	1
805	1242	1
2657	1219	1
2737	45	1
2745	1263	1
2745	3	1
2745	1367	1
2745	1368	1
2745	233	1
2745	213	1
2769	156	1
2769	906	1
2769	586	1
2769	1370	1
2769	1229	1
2769	459	1
2769	222	1
2781	1371	1
2893	225	1
2926	127	1
2944	435	1
2944	177	1
2944	163	1
2944	1372	1
2944	230	1
2944	760	1
2944	462	1
2944	217	1
2944	1263	1
2944	1274	1
2954	103	1
6167	1155	1
3218	753	1
6168	216	1
3256	3	1
3270	226	1
6169	1256	1
3271	294	1
3287	1290	1
3345	1273	1
3347	156	1
3362	109	1
3362	222	1
3362	1329	1
3370	156	1
3371	13	1
3433	227	1
3521	1267	1
3706	296	1
3706	1263	1
3706	71	1
3709	213	1
3709	384	1
3709	1354	1
3710	156	1
3711	1250	1
3712	1220	1
3712	1375	1
3717	1376	1
3720	205	1
3720	206	1
3730	4	1
3731	226	1
3754	385	1
3754	753	1
3754	860	1
3754	156	1
3754	423	1
3754	442	1
3754	1377	1
3754	792	1
3754	637	1
6170	125	1
3833	303	1
3833	239	1
3833	155	1
3873	159	1
6171	85	1
3880	139	1
3880	1378	1
3880	637	1
3880	186	1
5344	342	1
5344	213	1
5344	41	1
6172	310	1
6173	127	1
6173	1379	1
5381	1232	1
5381	263	1
5381	108	1
5381	1380	1
5381	208	1
5381	7	1
5381	1323	1
5381	26	1
5381	237	1
5433	45	1
6174	45	1
6175	45	1
6059	81	1
6176	1256	1
917	423	1
6177	1380	1
6177	34	1
1096	251	1
1096	112	1
1276	279	1
6095	95	1
6095	443	1
829	216	1
917	31	1
1462	220	1
1574	1353	1
1574	1381	1
1574	263	1
1574	294	1
1574	101	1
1904	54	1
6180	59	1
6181	1	1
6182	127	1
6183	289	1
6184	7	1
1482	1382	1
2944	802	1
2944	22	1
2944	1383	1
2944	443	1
6186	9	1
6188	1384	1
6189	1104	1
6168	1238	1
6152	280	1
6152	308	1
2462	69	1
3569	12	1
3670	7	1
2769	1185	1
3731	177	1
3880	252	1
5344	1385	1
5344	319	1
5344	905	1
5344	1329	1
5349	1250	1
5381	436	1
6191	216	1
1905	101	1
1905	495	1
1905	146	1
1905	46	1
1905	127	1
1905	291	1
1907	145	1
1907	232	1
1907	194	1
1924	156	1
1924	216	1
6192	194	1
6114	248	1
6114	1386	1
6114	621	1
2164	621	1
6193	194	1
6194	81	1
2296	194	1
2585	69	1
2671	312	1
2739	312	1
2745	753	1
2745	347	1
2745	455	1
2769	337	1
2769	613	1
2769	44	1
2769	205	1
6195	396	1
2785	1390	1
6197	1216	1
6198	1253	1
6199	1253	1
6200	110	1
2295	1391	1
6201	1230	1
6202	59	1
3712	1	1
3712	2	1
3637	1366	1
3719	205	1
1912	1325	1
6203	1263	1
2745	1220	1
6204	69	1
6114	9	1
6205	1392	1
5381	177	1
6207	285	1
841	1393	1
3855	1353	1
531	1376	1
2769	1334	1
3720	604	1
3710	385	1
3711	1289	1
5665	1217	1
538	1238	1
6208	582	1
1904	764	1
6209	316	1
3833	1398	1
6106	1399	1
3347	753	1
6210	1239	1
3873	1405	1
3845	1406	1
6211	230	1
3717	435	1
1050	1324	1
909	55	1
6213	731	1
3712	1239	1
3706	1307	1
5381	155	1
1470	1408	1
2769	1354	1
6127	1409	1
1934	47	1
1462	196	1
2769	1410	1
2944	1411	1
2375	1323	1
1422	1412	1
3218	1413	1
3218	1350	1
1078	1342	1
1078	1424	1
1592	1320	1
1592	1263	1
6215	1239	1
6216	1418	1
6216	1420	1
1078	486	1
3665	1425	1
3218	1417	1
3218	1414	1
3218	399	1
3218	1426	1
3871	1308	1
3871	1254	1
2156	408	1
6217	1255	1
6218	1322	1
3880	1427	1
1905	1367	1
2769	1428	1
2769	1429	1
2944	31	1
917	1430	1
1587	1390	1
2227	1323	1
1924	1431	1
1050	112	1
1050	251	1
6095	808	1
6095	41	1
6147	195	1
2164	814	1
901	47	1
6219	1432	1
2267	1433	1
2192	1434	1
2178	46	1
3729	1238	1
1912	1435	1
5381	1436	1
531	1437	1
6220	60	1
6221	1310	1
2954	1438	1
2745	570	1
3706	1439	1
6222	1185	1
2781	1366	1
1086	819	1
3710	1329	1
5344	1442	1
3712	1289	1
6224	1443	1
6225	1444	1
1056	1445	1
1101	262	1
6226	69	1
3674	1446	1
5344	1378	1
2101	407	1
6227	1293	1
1905	1310	1
6228	1309	1
2101	1406	1
6229	1447	1
1909	1448	1
3880	369	1
6231	611	1
6232	1363	1
3855	1450	1
2762	1	1
1574	1451	1
6233	1452	1
6216	1029	1
2187	1331	1
527	1241	1
905	1307	1
5381	1453	1
6234	1392	1
2227	1307	1
6235	1454	1
1904	1284	1
3706	1241	1
3720	1386	1
2944	1455	1
2282	1450	1
6236	1327	1
2292	156	1
3717	1456	1
3713	1457	1
3706	1458	1
2944	1459	1
2707	127	1
2091	438	1
2745	1460	1
3721	443	1
6237	1153	1
2944	1223	1
3721	1447	1
3721	1280	1
3721	442	1
2812	819	1
3374	1461	1
6217	1462	1
3875	1463	1
1562	979	1
6222	1371	1
6238	41	1
1078	398	1
1078	186	1
6239	1241	1
5344	1367	1
3757	468	1
2131	1465	1
3750	843	1
6241	1256	1
1106	1466	1
1107	1467	1
3873	130	1
6242	1441	1
2589	1468	1
2669	1257	1
6224	341	1
6243	1469	1
2769	26	1
2295	1324	1
6244	1471	1
6245	230	1
3281	1472	1
905	1398	1
6246	309	1
6247	32	1
3856	1474	1
1907	1475	1
3720	196	1
6248	1476	1
6249	1331	1
2944	1221	1
1587	1479	1
1465	1480	1
3301	194	1
2769	5	1
3855	1324	1
2159	1280	1
3720	613	1
5376	1481	1
6251	183	1
6059	960	1
2944	1378	1
6252	1482	1
3616	296	1
919	114	1
5381	70	1
2146	1483	1
3370	112	1
6253	310	1
6254	1484	1
2129	1356	1
6255	1485	1
3703	1437	1
3703	1309	1
5381	1251	1
3276	1290	1
2101	1	1
2193	1487	1
1594	1373	1
2707	1488	1
2188	760	1
1462	1461	1
6256	1489	1
2798	1439	1
3855	518	1
1050	889	1
6258	1462	1
3880	280	1
6259	1490	1
2714	1491	1
2745	1326	1
527	1493	1
6263	1363	1
5370	1293	1
3880	1362	1
5344	1246	1
3880	1495	1
2944	1290	1
6264	1496	1
6265	408	1
3218	303	1
849	1366	1
6266	1423	1
911	1352	1
3256	1497	1
6148	1237	1
3715	1267	1
1587	954	1
1945	1325	1
6095	227	1
2277	1499	1
1587	1461	1
2249	108	1
6269	1255	1
6270	1502	1
2944	225	1
2889	645	1
1945	1464	1
6272	1232	1
3256	1503	1
6273	1292	1
6273	1504	1
6114	203	1
3311	753	1
3706	1473	1
3675	1354	1
1912	1441	1
1096	1507	1
3841	1509	1
2302	1510	1
6240	1432	1
2335	1511	1
3752	1248	1
1086	1255	1
3880	230	1
6276	325	1
6277	1405	1
1106	1512	1
6265	1513	1
6278	1514	1
3717	1502	1
1439	1217	1
2789	1353	1
3720	1453	1
2099	1518	1
3709	1521	1
2769	1348	1
1924	495	1
2781	670	1
1574	341	1
6280	1523	1
1470	1526	1
2275	1527	1
6293	213	1
6294	1547	1
2944	1487	1
3720	843	1
2944	1381	1
3706	1453	1
3864	267	1
2944	1350	1
2729	1548	1
3709	1263	1
2889	1319	1
917	1378	1
6228	1549	1
6295	1550	1
2944	1551	1
1905	1552	1
6296	159	1
2745	1553	1
1106	864	1
6297	6	1
2770	1462	1
6298	6	1
1106	1155	1
1574	1403	1
1106	1260	1
3010	1284	1
2264	1554	1
5381	145	1
6299	1555	1
6300	1321	1
2156	670	1
2745	1556	1
6301	1350	1
6302	1557	1
3218	1519	1
3712	1242	1
6303	134	1
1581	1241	1
5381	828	1
3713	808	1
2792	1558	1
2792	1559	1
2792	1560	1
542	73	1
824	1288	1
909	1309	1
1910	1225	1
2225	3	1
2225	809	1
2240	1563	1
2282	1362	1
6304	1497	1
2756	1565	1
2760	1274	1
2769	1566	1
2781	325	1
2806	1241	1
3218	237	1
6305	1567	1
6306	1568	1
6230	1569	1
3721	1309	1
6307	126	1
538	110	1
3706	196	1
1311	110	1
6308	1570	1
3270	1571	1
538	32	1
3370	205	1
3370	1379	1
6309	1572	1
3859	1229	1
6310	1239	1
2907	442	1
2769	1242	1
1422	1451	1
3833	1461	1
2241	1573	1
6311	194	1
1907	1263	1
1579	1551	1
5381	1574	1
6312	296	1
2101	328	1
1101	1263	1
2702	1369	1
6313	76	1
901	123	1
901	1575	1
2273	1576	1
3855	1506	1
1079	1314	1
977	106	1
1000	102	1
2745	1504	1
2896	1312	1
3709	1577	1
3880	1450	1
3370	1578	1
3370	6	1
2227	1579	1
6314	1580	1
6315	1581	1
6316	1451	1
3706	1265	1
3010	1582	1
2944	1371	1
3711	218	1
6236	1290	1
6317	1583	1
6319	1348	1
1422	1354	1
6289	233	1
3311	1256	1
1599	1584	1
6320	1318	1
1000	138	1
6321	645	1
6322	80	1
3225	1380	1
2101	1313	1
6233	1585	1
6233	1586	1
6323	1587	1
3706	285	1
1078	1366	1
1945	943	1
1106	1313	1
6324	1563	1
6273	1582	1
3873	1232	1
1479	1294	1
6083	1588	1
6326	1493	1
6327	1243	1
6328	463	1
1120	1554	1
6329	31	1
2803	1590	1
5380	325	1
2789	1256	1
3880	831	1
2944	1273	1
3712	1292	1
2188	130	1
92	1259	1
6056	1323	1
3720	108	1
1439	604	1
1904	103	1
2260	1314	1
1418	1591	1
6233	1433	1
6330	303	1
6331	1593	1
3347	256	1
2273	1452	1
2944	231	1
3720	1310	1
2165	1369	1
6120	780	1
6242	1369	1
3646	1392	1
3646	1241	1
3646	1248	1
2769	1248	1
3864	1229	1
781	1068	1
781	903	1
781	1447	1
1906	369	1
3722	817	1
5381	1376	1
6095	1348	1
926	1354	1
2189	213	1
6332	1397	1
1574	1535	1
6333	159	1
1574	296	1
6334	1279	1
2091	1598	1
2101	98	1
3717	1599	1
6335	501	1
3706	1350	1
3370	1367	1
6336	590	1
3674	230	1
2267	603	1
6337	1306	1
2240	1237	1
3712	527	1
6338	1248	1
2769	1367	1
3714	1554	1
6224	1502	1
2745	402	1
6339	1600	1
6340	1601	1
834	1602	1
849	1260	1
850	1603	1
6341	1604	1
947	200	1
947	1350	1
1050	1608	1
1062	1566	1
1079	1609	1
6342	1437	1
1096	1329	1
1106	753	1
6343	1610	1
1422	438	1
1422	1473	1
1440	1506	1
1574	1327	1
6240	1254	1
1594	1543	1
1906	1611	1
1907	1381	1
1912	192	1
1910	1260	1
2167	1250	1
2189	1614	1
6346	1615	1
6221	1616	1
2197	819	1
6217	1308	1
2240	1016	1
2240	1392	1
6347	1617	1
2322	1477	1
6348	110	1
6348	1308	1
2446	260	1
6349	1354	1
6350	1618	1
6351	1618	1
2707	1619	1
2745	1620	1
2745	1621	1
6352	1622	1
2829	279	1
6353	1219	1
6354	1623	1
2928	100	1
2944	1385	1
2944	1624	1
2944	1242	1
2944	1398	1
3009	371	1
3218	1575	1
3329	768	1
6355	1555	1
3370	370	1
3392	1216	1
3396	1310	1
6356	1625	1
3646	1626	1
6357	1354	1
6230	1557	1
3710	325	1
3718	1352	1
3721	1227	1
3722	979	1
3752	1251	1
3857	1289	1
6358	1274	1
3880	1233	1
3880	1627	1
3880	1230	1
5344	1290	1
5364	603	1
5381	1334	1
6359	1493	1
2944	1554	1
6056	1267	1
5381	40	1
5381	1600	1
5344	1630	1
3880	1289	1
3873	110	1
3873	1631	1
3856	1487	1
3856	1632	1
3855	1633	1
3721	170	1
3721	1378	1
3717	1216	1
3712	1357	1
3712	1634	1
3711	76	1
3710	1544	1
6230	1635	1
3633	40	1
6360	1600	1
6360	1238	1
3370	1292	1
3370	629	1
3370	1239	1
3370	191	1
6362	760	1
3347	296	1
6363	1636	1
6295	569	1
3308	107	1
6364	1392	1
6365	1637	1
6366	1504	1
6367	1509	1
3218	1638	1
3218	114	1
3218	1256	1
3218	1639	1
6368	109	1
2951	1220	1
2944	263	1
2944	1237	1
2944	1641	1
2931	1229	1
6369	1643	1
6371	159	1
6372	1644	1
2790	1378	1
6120	400	1
2762	1378	1
2745	1432	1
2745	290	1
6265	1219	1
6373	1645	1
6375	613	1
6376	1563	1
6378	111	1
2405	1455	1
6379	1642	1
6380	1649	1
2345	1475	1
6381	1650	1
6382	1000	1
6383	1562	1
6384	1253	1
2267	130	1
2267	1364	1
2264	1651	1
6385	1439	1
6386	1249	1
2192	1652	1
2192	1350	1
2192	1628	1
2192	1255	1
6387	1367	1
2101	1326	1
2101	1534	1
2091	1316	1
1947	1242	1
1934	1653	1
1934	633	1
6388	1231	1
1480	412	1
1470	1231	1
1422	1383	1
1078	237	1
1050	1251	1
1050	1657	1
1050	1248	1
1041	295	1
1000	1231	1
6263	1667	1
963	1312	1
926	1220	1
6321	1347	1
6389	1479	1
6390	1506	1
6391	1668	1
6392	1358	1
6394	1371	1
6395	1216	1
32	1437	1
78	151	1
6396	1669	1
6397	1670	1
6398	1390	1
6399	1248	1
527	1315	1
530	1671	1
6400	1310	1
538	4	1
542	1255	1
6095	1487	1
6095	1255	1
6095	1405	1
6401	1255	1
6402	1397	1
824	1293	1
829	280	1
6403	1363	1
6403	1453	1
839	1672	1
6404	80	1
6405	1223	1
882	93	1
884	1551	1
902	1251	1
905	1450	1
910	69	1
911	1590	1
911	1317	1
916	289	1
917	1245	1
917	1324	1
6406	1675	1
947	1523	1
947	605	1
6407	1223	1
1000	981	1
6222	1563	1
6222	1354	1
1041	1453	1
1050	1682	1
1050	1407	1
1050	1361	1
1053	1432	1
1053	1464	1
1059	127	1
1059	1407	1
1062	1354	1
1067	1357	1
1078	108	1
1086	1462	1
1086	316	1
1086	1683	1
6408	1655	1
1101	1323	1
1106	1216	1
1106	1542	1
6410	1685	1
6411	1352	1
1384	1312	1
1393	1687	1
1402	1323	1
1406	1688	1
1421	1549	1
1422	1224	1
1422	1689	1
1424	1563	1
6146	186	1
1439	1314	1
1440	1690	1
1446	614	1
6412	222	1
6413	582	1
1470	1691	1
1470	863	1
1470	342	1
1470	69	1
1473	1447	1
1474	1692	1
6414	150	1
6415	146	1
6416	215	1
6416	69	1
1492	377	1
1521	1404	1
6417	1693	1
6418	540	1
6419	1289	1
1574	1229	1
1574	765	1
1574	153	1
1574	1584	1
1574	1378	1
1574	1242	1
1574	1551	1
1579	1694	1
1585	303	1
1587	1310	1
1587	1542	1
6240	1389	1
6240	106	1
1594	1353	1
1905	1256	1
1906	1696	1
1906	44	1
1906	1669	1
1906	1697	1
1907	112	1
6420	1296	1
1914	1493	1
6147	1564	1
1945	130	1
6421	1275	1
1947	582	1
1947	1241	1
6422	1698	1
2090	1699	1
2099	1393	1
2099	410	1
2101	889	1
2101	1238	1
2101	325	1
2101	1600	1
2126	1695	1
2126	1127	1
2126	1345	1
2129	1701	1
2129	421	1
2134	1274	1
6298	1260	1
2156	1251	1
6148	1248	1
2159	1628	1
6424	80	1
6425	863	1
2164	1702	1
2164	1361	1
6127	1354	1
2178	1493	1
2180	1506	1
2180	1392	1
2186	1695	1
2188	237	1
2188	1237	1
6426	173	1
2191	1490	1
2192	1592	1
6427	1242	1
6428	1557	1
6166	1327	1
6166	1350	1
6217	469	1
6217	1248	1
6217	1703	1
2227	1306	1
2228	1243	1
2231	1326	1
2233	1470	1
2235	1223	1
2237	760	1
2237	1704	1
2241	1284	1
2241	1412	1
6429	1705	1
2247	325	1
2247	1706	1
2272	1555	1
2273	1309	1
2282	1707	1
2282	133	1
2292	1307	1
6228	1311	1
2294	1533	1
2295	1584	1
2295	1544	1
2300	879	1
6430	1371	1
6431	1709	1
6432	1256	1
2326	1710	1
2338	1711	1
2345	1712	1
6433	1462	1
6434	1378	1
6435	1713	1
6243	1638	1
6436	570	1
6437	408	1
6438	1714	1
6439	1223	1
6441	1474	1
6442	6	1
6443	1657	1
6128	127	1
6128	152	1
6128	133	1
2728	213	1
2729	1643	1
2729	1473	1
2730	1544	1
2745	1366	1
2745	1563	1
2745	234	1
2745	1229	1
2745	442	1
2745	108	1
2745	1447	1
2745	1715	1
2745	1676	1
6445	1656	1
2762	765	1
2769	113	1
2769	714	1
2769	1716	1
2769	1717	1
2769	1380	1
2769	1308	1
2769	7	1
2770	1413	1
2770	1719	1
2781	211	1
2781	1221	1
2781	1280	1
2781	1268	1
2781	244	1
2781	1364	1
2787	1689	1
6446	1264	1
2803	1229	1
6447	1720	1
6448	267	1
2806	32	1
6449	570	1
6450	1292	1
2889	1490	1
2912	1350	1
2931	303	1
2931	149	1
2944	1450	1
2944	137	1
2944	1354	1
2944	1441	1
2944	101	1
2944	1495	1
2944	1513	1
2944	1721	1
2944	1722	1
2944	1316	1
2944	1423	1
2944	442	1
2944	843	1
6451	1475	1
3010	1369	1
3119	1220	1
3218	1373	1
3218	1450	1
3225	499	1
3270	1723	1
3272	1724	1
6452	1224	1
6452	248	1
3276	1671	1
3276	920	1
6277	80	1
3285	1725	1
3291	1263	1
6453	959	1
6152	1359	1
3347	1265	1
3367	1243	1
3367	1511	1
6454	238	1
6454	1583	1
3370	396	1
3370	614	1
3370	1509	1
3370	1353	1
3370	1551	1
6455	645	1
3381	1690	1
6456	1127	1
3432	1695	1
3448	1550	1
3448	1726	1
6457	1232	1
6311	1265	1
3674	407	1
3706	237	1
3706	1220	1
3707	1535	1
3707	1376	1
3709	44	1
3710	1265	1
3710	760	1
3710	1454	1
3710	1372	1
3710	1551	1
3712	1492	1
3712	916	1
3713	1509	1
3713	1216	1
3713	1447	1
3713	155	1
3715	211	1
3715	153	1
3715	1481	1
3717	1232	1
3717	1441	1
3719	1454	1
3719	1429	1
3720	1323	1
3720	438	1
3721	1461	1
3721	216	1
3730	1348	1
6458	53	1
6458	19	1
6458	1300	1
3752	1401	1
3752	1727	1
6459	937	1
6170	768	1
3775	206	1
6461	556	1
3833	1497	1
3845	296	1
3845	1433	1
6462	889	1
6463	1254	1
6464	1264	1
3873	1628	1
3873	1220	1
3875	1260	1
3880	1242	1
3880	1218	1
3882	227	1
5344	1592	1
5344	505	1
6465	1378	1
6466	1314	1
6467	1290	1
5370	1619	1
6468	1504	1
5381	1439	1
5381	1224	1
5381	1729	1
5381	1294	1
5381	1371	1
5381	1427	1
6059	552	1
6059	1676	1
6224	303	1
797	710	1
849	1403	1
6471	1574	1
902	1567	1
911	279	1
919	3	1
923	1358	1
1041	1525	1
1050	1461	1
1062	1736	1
1067	1185	1
1081	1462	1
1083	201	1
6473	1492	1
1106	1504	1
6410	970	1
6474	47	1
1406	1489	1
1412	112	1
1413	1229	1
1413	1	1
1418	1350	1
1462	1738	1
6476	1390	1
1470	205	1
1470	1365	1
1470	1495	1
1494	1218	1
1574	1596	1
1574	1364	1
1587	941	1
1592	179	1
1592	1533	1
1599	108	1
6273	155	1
1904	1739	1
1905	1721	1
1905	45	1
1907	93	1
1912	1362	1
1909	1740	1
2101	1381	1
2101	1742	1
2101	215	1
2101	1649	1
2101	1260	1
6298	1743	1
2150	1248	1
6387	4	1
6425	1348	1
2174	1289	1
2179	1252	1
2189	1744	1
6426	303	1
6426	655	1
2190	114	1
2199	1398	1
2199	1363	1
6477	1745	1
2215	1613	1
2225	1280	1
2227	1350	1
2235	1552	1
2236	667	1
2260	1267	1
6319	1492	1
2292	1551	1
6308	670	1
6431	1438	1
2335	1227	1
2345	1267	1
2358	1746	1
6478	1242	1
2396	1747	1
2148	349	1
2148	4	1
6479	1748	1
6480	1362	1
6481	1749	1
2729	1275	1
2744	1750	1
6482	54	1
2889	1224	1
2944	1361	1
2944	1427	1
2944	1323	1
2944	438	1
2944	1218	1
6483	370	1
3256	1316	1
3276	1602	1
3281	1257	1
6484	400	1
6486	943	1
6454	1752	1
3370	1327	1
3370	1438	1
6487	248	1
6488	1654	1
3392	1753	1
3396	256	1
6489	1754	1
6490	1232	1
3626	127	1
3637	1251	1
3637	1627	1
3706	1649	1
3706	1274	1
3710	1556	1
3712	1756	1
3717	1392	1
6491	146	1
3845	1326	1
3855	211	1
3862	1357	1
3873	328	1
3880	1575	1
6492	604	1
5344	1567	1
5344	614	1
5344	1736	1
5344	155	1
5344	1757	1
5381	1486	1
5381	1669	1
5381	234	1
5381	753	1
5381	54	1
5381	296	1
5381	150	1
5381	1509	1
6058	110	1
6059	1348	1
6224	768	1
6082	325	1
538	1511	1
947	1241	1
947	1492	1
1050	1453	1
6309	1322	1
6309	1680	1
1419	1712	1
6493	1758	1
1574	1283	1
1587	448	1
2197	1525	1
2247	1759	1
2264	1493	1
2267	370	1
2325	60	1
6278	205	1
2745	1760	1
2745	1237	1
2756	1480	1
2762	349	1
2762	1252	1
2781	760	1
6372	112	1
3010	1237	1
6494	1242	1
6494	1437	1
3379	1218	1
3379	1261	1
3711	1427	1
3712	213	1
3713	450	1
3713	1761	1
3718	1762	1
3880	263	1
6495	226	1
5381	765	1
6056	1379	1
1579	1364	1
3713	1251	1
6051	1671	1
2195	1354	1
6319	1224	1
2345	1521	1
6499	1781	1
2164	941	1
6082	1483	1
6500	959	1
6501	80	1
2362	1575	1
6502	1782	1
2769	57	1
3513	1239	1
2745	1544	1
3218	1362	1
6503	1367	1
917	1221	1
2944	1783	1
1470	1398	1
3392	1784	1
5381	1614	1
1470	1390	1
3880	1612	1
1000	843	1
6216	1306	1
6504	761	1
911	1350	1
3369	1251	1
6505	499	1
6506	1609	1
6507	1229	1
6228	1721	1
3880	1221	1
1079	1643	1
2245	1441	1
1416	1785	1
2745	1371	1
1470	1786	1
1439	598	1
530	47	1
2944	215	1
3729	1574	1
2912	114	1
1905	1381	1
5381	1293	1
6210	1787	1
6508	1414	1
1470	371	1
6509	1516	1
6382	704	1
3218	178	1
6510	433	1
2745	443	1
6511	65	1
947	1326	1
2264	598	1
6512	1788	1
5381	391	1
6513	670	1
2787	1238	1
6240	45	1
6514	1216	1
1579	1523	1
2948	90	1
6515	1789	1
6516	1790	1
947	1227	1
2745	1239	1
3845	1373	1
1495	817	1
6518	753	1
1096	1733	1
3721	1347	1
3719	1274	1
947	1452	1
3628	1263	1
6520	1254	1
6521	1792	1
6522	1276	1
1421	1413	1
3722	1267	1
6523	1779	1
1437	1793	1
2944	1521	1
3311	1794	1
6524	102	1
3719	252	1
3880	69	1
6458	112	1
2101	1584	1
6525	1795	1
6059	1323	1
2762	1796	1
5344	1248	1
3880	152	1
3637	1797	1
6059	1638	1
6527	1227	1
6528	1331	1
1912	1312	1
6410	1798	1
2172	1405	1
2164	1511	1
6530	1367	1
6464	1599	1
3276	1241	1
538	1450	1
2780	1098	1
3719	155	1
6531	1799	1
6532	1238	1
1592	1506	1
3845	1267	1
1470	106	1
6328	1692	1
6533	1800	1
6533	1801	1
2944	1509	1
3391	1802	1
902	1803	1
6534	1366	1
6535	262	1
6513	1224	1
1907	146	1
1067	1554	1
3729	1241	1
1934	213	1
1549	1358	1
2237	1251	1
2146	1390	1
2228	1333	1
2745	1390	1
3709	1357	1
1574	1582	1
1592	267	1
1574	230	1
6536	1314	1
6537	1804	1
6538	1480	1
6539	1805	1
2227	228	1
2227	1224	1
2190	1806	1
6540	1807	1
1574	1477	1
6541	194	1
5381	1287	1
6059	475	1
3715	114	1
5377	721	1
6542	209	1
6486	1405	1
6210	1366	1
538	213	1
538	339	1
1574	1342	1
3349	1554	1
6543	1808	1
3370	1381	1
6296	1809	1
6544	1810	1
3281	1256	1
6095	260	1
6547	106	1
2282	1446	1
1062	1812	1
2745	1813	1
2309	1216	1
1050	1620	1
2944	1357	1
6549	146	1
2227	1354	1
6550	1378	1
2769	1473	1
6296	1267	1
2729	91	1
6551	1814	1
6552	262	1
6553	44	1
6059	1378	1
6554	1290	1
2264	1433	1
2707	1288	1
1909	642	1
2944	186	1
2781	1407	1
6555	203	1
6556	570	1
3708	229	1
6557	1816	1
3281	1352	1
1079	1584	1
2237	1738	1
3880	1817	1
3708	1818	1
3717	296	1
2745	1273	1
2221	1699	1
2762	13	1
2944	342	1
6558	760	1
3301	1216	1
6207	1819	1
5381	1437	1
6559	1495	1
6560	1820	1
6561	1315	1
1574	1656	1
1574	1821	1
1924	303	1
3712	504	1
6562	232	1
6562	3	1
6562	4	1
6562	213	1
3713	1439	1
2931	1822	1
3854	219	1
6563	1562	1
6217	1392	1
3370	343	1
6564	1461	1
6051	1575	1
1909	1734	1
2164	1479	1
2944	1824	1
6463	1325	1
2153	178	1
1495	1469	1
6565	1310	1
3710	1825	1
538	1314	1
88	1826	1
1050	1795	1
6349	1633	1
1000	1600	1
1587	1526	1
6207	1029	1
5381	192	1
1402	262	1
2167	1458	1
2789	1386	1
3710	1643	1
2773	1241	1
1924	1590	1
2745	1454	1
3880	1642	1
3880	1827	1
6148	1493	1
3650	1322	1
1309	31	1
2460	443	1
3731	1828	1
6566	1829	1
6567	1830	1
1907	1537	1
6568	1292	1
3712	1327	1
6569	325	1
1592	1378	1
1905	960	1
6570	1821	1
1580	1542	1
3010	435	1
6272	61	1
6571	356	1
2237	4	1
1905	1361	1
1592	1232	1
2896	429	1
3713	1622	1
2745	1831	1
2797	1512	1
1914	1832	1
5381	1352	1
6572	1310	1
1905	110	1
855	127	1
2944	1224	1
6574	1237	1
1945	598	1
1079	505	1
2313	1619	1
2087	1522	1
2768	600	1
6575	1451	1
6263	114	1
905	1362	1
3722	225	1
6576	1570	1
3706	1723	1
3880	1323	1
2769	932	1
3741	1231	1
5344	1835	1
3281	1224	1
904	1362	1
1107	1231	1
5381	1350	1
6577	1836	1
2944	1567	1
2770	536	1
3710	1362	1
2309	1543	1
1000	1523	1
3783	31	1
3124	208	1
1470	109	1
6578	1231	1
3370	1274	1
5381	1289	1
3370	407	1
6264	53	1
6240	1242	1
905	1535	1
2944	1465	1
6363	1666	1
6304	1379	1
6580	1837	1
3866	958	1
3718	349	1
3119	1838	1
3729	1365	1
3628	264	1
1599	1218	1
5381	1839	1
6582	1840	1
841	1453	1
6583	1841	1
3218	1284	1
1470	1842	1
2889	1090	1
1907	1239	1
3256	1237	1
1470	1380	1
2101	232	1
